1
1
1
1
1
1
1
1
1
1
1
1
1
1
1
1
1
1
1
1
1
1
1
1
1
1
1
1
1
1
1
1
1
1
1
1
1
1
1
1
1
1
1
1
1
1
1
1
1
1
1
1
1
1
1
1
1
1
1
1
1
1
1
1
1
1
1
1
1
1
1
1
1
1
1
1
1
1
1
1
1
1
1
1
1
1
1
1
1
1
1
1
1
1
1
1
1
1
1
1
1
1
1
1
1
1
1
1
1
1
1
1
1
1
1
1
1
1
1
1
1
1
1
1
1
1
1
1
1
1
1
1
1
1
1
1
1
1
1
1
1
1
1
1
1
1
1
1
1
1
1
1
1
1
1
1
1
1
1
1
1
1
1
1
1
1
1
1
1
1
1
1
1
1
1
1
1
1
1
1
1
1
1
1
1
1
1
1
1
1
1
1
1
1
1
1
1
1
1
1
1
1
1
1
1
1
1
1
1
1
1
1
1
1
1
1
1
1
1
1
1
1
1
1
1
1
1
1
1
1
1
1
1
1
1
1
1
1
1
1
1
1
1
1
1
1
1
1
1
1
1
1
1
1
1
1
1
1
1
1
1
1
1
1
1
1
1
1
1
1
1
1
1
1
1
1
1
1
1
1
1
1
1
1
1
1
1
1
1
1
1
1
1
1
1
1
1
1
1
1
1
1
1
1
1
1
1
1
1
1
1
1
1
1
1
1
1
1
1
1
1
1
1
1
1
1
1
1
1
1
1
1
1
1
1
1
1
1
1
1
1
1
1
1
1
1
1
1
1
1
1
1
1
1
1
1
1
1
1
1
1
1
1
1
1
1
1
1
1
1
1
1
1
1
1
1
1
1
1
1
1
1
1
1
1
1
1
1
1
1
1
1
1
1
1
1
1
1
1
1
1
1
1
1
1
1
1
1
1
1
1
1
1
1
1
1
1
1
1
1
1
1
1
1
1
1
1
1
1
1
1
1
1
1
1
1
1
1
1
1
1
1
1
1
1
1
1
1
1
1
1
1
1
1
1
1
1
1
1
1
1
1
1
1
1
1
1
1
1
1
1
1
1
1
1
1
1
1
1
1
1
1
1
1
1
1
1
1
1
1
1
1
1
1
1
1
1
1
1
1
1
1
1
1
1
1
1
1
1
1
1
1
1
1
1
1
1
1
1
1
1
1
1
1
1
1
1
1
1
1
1
1
1
1
1
1
1
1
1
1
1
1
1
1
1
1
1
1
1
1
1
1
1
1
1
1
1
1
1
1
1
1
1
1
1
1
1
1
1
1
1
1
1
1
1
1
1
1
1
1
1
1
1
1
1
1
1
1
1
1
1
1
1
1
1
1
1
1
1
1
1
1
1
1
1
1
1
1
1
1
1
1
1
1
1
1
1
1
1
1
1
1
1
1
1
1
1
1
1
1
1
1
1
1
1
1
1
1
1
1
1
1
1
1
1
1
1
1
1
1
1
1
1
1
1
1
1
1
1
1
1
1
1
1
1
1
1
1
1
1
1
1
1
1
1
1
1
1
1
1
1
1
1
1
1
1
1
1
1
1
1
1
1
1
1
1
1
1
1
1
1
1
1
1
1
1
1
1
1
1
1
1
1
1
1
1
1
1
1
1
1
1
1
1
1
1
1
1
1
1
1
1
1
1
1
1
1
1
1
1
1
1
1
1
1
1
1
1
1
1
1
1
1
1
1
1
1
1
1
1
1
1
1
1
1
1
1
1
1
1
1
1
1
1
1
1
1
1
1
1
1
1
1
1
1
1
1
1
1
1
1
1
1
1
1
1
1
1
1
1
1
1
1
1
1
1
1
1
1
1
1
1
1
1
1
1
1
1
1
1
1
1
1
1
1
1
1
1
1
1
1
1
1
1
1
1
1
1
1
1
1
1
1
1
1
1
1
1
1
1
1
1
1
1
1
1
1
1
1
1
1
1
1
1
1
1
1
1
1
1
1
1
1
1
1
1
1
1
1
1
1
1
1
1
1
1
1
1
1
1
1
1
1
1
1
1
1
1
1
1
1
1
1
1
1
1
1
1
1
1
1
1
1
1
1
1
1
1
1
1
1
1
1
1
1
1
1
1
1
1
1
1
1
1
1
1
1
1
1
1
1
1
1
1
1
1
1
1
1
1
1
1
1
1
1
1
1
1
1
1
1
1
1
1
1
1
1
1
1
1
1
1
1
1
1
1
1
1
1
1
1
1
1
1
1
1
1
1
1
1
1
1
1
1
1
1
1
1
1
1
1
1
1
1
1
1
1
1
1
1
1
1
1
1
1
1
1
1
1
1
1
1
1
1
1
1
1
1
1
1
1
1
1
1
1
1
1
1
1
1
1
1
1
1
1
1
1
1
1
1
1
1
1
1
1
1
1
1
1
1
1
1
1
1
1
1
1
1
1
1
1
1
1
1
1
1
1
1
1
1
1
1
1
1
1
1
1
1
1
1
1
1
1
1
1
1
1
1
1
1
1
1
1
1
1
1
1
1
1
1
1
1
1
1
1
1
1
1
1
1
1
1
1
1
1
1
1
1
1
1
1
1
1
1
1
1
1
1
1
1
1
1
1
1
1
1
1
1
1
1
1
1
1
1
1
1
1
1
1
1
1
1
1
1
1
1
1
1
1
1
1
1
1
1
1
1
1
1
1
1
1
1
1
1
1
1
1
1
1
1
1
1
1
1
1
1
1
1
1
1
1
1
1
1
1
1
1
1
1
1
1
1
1
1
1
1
1
1
1
1
1
1
1
1
1
1
1
1
1
1
1
1
1
1
1
1
1
1
1
1
1
1
1
1
1
1
1
1
1
1
1
1
1
1
1
1
1
1
1
1
1
1
1
1
1
1
1
1
1
1
1
1
1
1
1
1
1
1
1
1
1
1
1
1
1
1
1
1
1
1
1
1
1
1
1
1
1
1
1
1
1
1
1
1
1
1
1
1
1
1
1
1
1
1
1
1
1
1
1
1
1
1
1
1
1
1
1
1
1
1
1
1
1
1
1
1
1
1
1
1
1
1
1
1
1
1
1
1
1
1
1
1
1
1
1
1
1
1
1
1
1
1
1
1
1
1
1
1
1
1
1
1
1
1
1
1
1
1
1
1
1
1
1
1
1
1
1
1
1
1
1
1
1
1
1
1
1
1
1
1
1
1
1
1
1
1
1
1
1
1
1
1
1
1
1
1
1
1
1
1
1
1
1
1
1
1
1
1
1
1
1
1
1
1
1
1
1
1
1
1
1
1
1
1
1
1
1
1
1
1
1
1
1
1
1
1
1
1
1
1
1
1
1
1
1
1
1
1
1
1
1
1
1
1
1
1
1
1
1
1
1
1
1
1
1
1
1
1
1
1
1
1
1
1
1
1
1
1
1
1
1
1
1
1
1
1
1
1
1
1
1
1
1
1
1
1
1
1
1
1
1
1
1
1
1
1
1
1
1
1
1
1
1
1
1
1
1
1
1
1
1
1
1
1
1
1
1
1
1
1
1
1
1
1
1
1
1
1
1
1
1
1
1
1
1
1
1
1
1
1
1
1
1
1
1
1
1
1
1
1
1
1
1
1
1
1
1
1
1
1
1
1
1
1
1
1
1
1
1
1
1
1
1
1
1
1
1
1
1
1
1
1
1
1
1
1
1
1
1
1
1
1
1
1
1
1
1
1
1
1
1
1
1
1
1
1
1
1
1
1
1
1
1
1
1
1
1
1
1
1
1
1
1
1
1
1
1
1
1
1
1
1
1
1
1
1
1
1
1
1
1
1
1
1
1
1
1
1
1
1
1
1
1
1
1
1
1
1
1
1
1
1
1
1
1
1
1
1
1
1
1
1
1
1
1
1
1
1
1
1
1
1
1
1
1
1
1
1
1
1
1
1
1
1
1
1
1
1
1
1
1
1
1
1
1
1
1
1
1
1
1
1
1
1
1
1
1
1
1
1
1
1
1
1
1
1
1
1
1
1
1
1
1
1
1
1
1
1
1
1
1
1
1
1
1
1
1
1
1
1
1
1
1
1
1
1
1
1
1
1
1
1
1
1
1
1
1
1
1
1
1
1
1
1
1
1
1
1
1
1
1
1
1
1
1
1
1
1
1
1
1
1
1
1
1
1
1
1
1
1
1
1
1
1
1
1
1
1
1
1
1
1
1
1
1
1
1
1
1
1
1
1
1
1
1
1
1
1
1
1
1
1
1
1
1
1
1
1
1
1
1
1
1
1
1
1
1
1
1
1
1
1
1
1
1
1
1
1
1
1
1
1
1
1
1
1
1
1
1
1
1
1
1
1
1
1
1
1
1
1
1
1
1
1
1
1
1
1
1
1
1
1
1
1
1
1
1
1
1
1
1
1
1
1
1
1
1
1
1
1
1
1
1
1
1
1
1
1
1
1
1
1
1
1
1
1
1
1
1
1
1
1
1
1
1
1
1
1
1
1
1
1
1
1
1
1
1
1
1
1
1
1
1
1
1
1
1
1
1
1
1
1
1
1
1
1
1
1
1
1
1
1
1
1
1
1
1
1
1
1
1
1
1
1
1
1
1
1
1
1
1
1
1
1
1
1
1
1
1
1
1
1
1
1
1
1
1
1
1
1
1
1
1
1
1
1
1
1
1
1
1
1
1
1
1
1
1
1
1
1
1
1
1
1
1
1
1
1
1
1
1
1
1
1
1
1
1
1
1
1
1
1
1
1
1
1
1
1
1
1
1
1
1
1
1
1
1
1
1
1
1
1
1
1
1
1
1
1
1
1
1
1
1
1
1
1
1
1
1
1
1
1
1
1
1
1
1
1
1
1
1
1
1
1
1
1
1
1
1
1
1
1
1
1
1
1
1
1
1
1
1
1
1
1
1
1
1
1
1
1
1
1
1
1
1
1
1
1
1
1
1
1
1
1
1
1
1
1
1
1
1
1
1
1
1
1
1
1
1
1
1
1
1
1
1
1
1
1
1
1
1
1
1
1
1
1
1
1
1
1
1
1
1
1
1
1
1
1
1
1
1
1
1
1
1
1
1
1
1
1
1
1
1
1
1
1
1
1
1
1
1
1
1
1
1
1
1
1
1
1
1
1
1
1
1
1
1
1
1
1
1
1
1
1
1
1
1
1
1
1
1
1
1
1
1
1
1
1
1
1
1
1
1
1
1
1
1
1
1
1
1
1
1
1
1
1
1
1
1
1
1
1
1
1
1
1
1
1
1
1
1
1
1
1
1
1
1
1
1
1
1
1
1
1
1
1
1
1
1
1
1
1
1
1
1
1
1
1
1
1
1
1
1
1
1
1
1
1
1
1
1
1
1
1
1
1
1
1
1
1
1
1
1
1
1
1
1
1
1
1
1
1
1
1
1
1
1
1
1
1
1
1
1
1
1
1
1
1
1
1
1
1
1
1
1
1
1
1
1
1
1
1
1
1
1
1
1
1
1
1
1
1
1
1
1
1
1
1
1
1
1
1
1
1
1
1
1
1
1
1
1
1
1
1
1
1
1
1
1
1
1
1
1
1
1
1
1
1
1
1
1
1
1
1
1
1
1
1
1
1
1
1
1
1
1
1
1
1
1
1
1
1
1
1
1
1
1
1
1
1
1
1
1
1
1
1
1
1
1
1
1
1
1
1
1
1
1
1
1
1
1
1
1
1
1
1
1
1
1
1
1
1
1
1
1
1
1
1
1
1
1
1
1
1
1
1
1
1
1
1
1
1
1
1
1
1
1
1
1
1
1
1
1
1
1
1
1
1
1
1
1
1
1
1
1
1
1
1
1
1
1
1
1
1
1
1
1
1
1
1
1
1
1
1
1
1
1
1
1
1
1
1
1
1
1
1
1
1
1
1
1
1
1
1
1
1
1
1
1
1
1
1
1
1
1
1
1
1
1
1
1
1
1
1
1
1
1
1
1
1
1
1
1
1
1
1
1
1
1
1
1
1
1
1
1
1
1
1
1
1
1
1
1
1
1
1
1
1
1
1
1
1
1
1
1
1
1
1
1
1
1
1
1
1
1
1
1
1
1
1
1
1
1
1
1
1
1
1
1
1
1
1
1
1
1
1
1
1
1
1
1
1
1
1
1
1
1
1
1
1
1
1
1
1
1
1
1
1
1
1
1
1
1
1
1
1
1
1
1
1
1
1
1
1
1
1
1
1
1
1
1
1
1
1
1
1
1
1
1
1
1
1
1
1
1
1
1
1
1
1
1
1
1
1
1
1
1
1
1
1
1
1
1
1
1
1
1
1
1
1
1
1
1
1
1
1
1
1
1
1
1
1
1
1
1
1
1
1
1
1
1
1
1
1
1
1
1
1
1
1
1
1
1
1
1
1
1
1
1
1
1
1
1
1
1
1
1
1
1
1
1
1
1
1
1
1
1
1
1
1
1
1
1
1
1
1
1
1
1
1
1
1
1
1
1
1
1
1
1
1
1
1
1
1
1
1
1
1
1
1
1
1
1
1
1
1
1
1
1
1
1
1
1
1
1
1
1
1
1
1
1
1
1
1
1
1
1
1
1
1
1
1
1
1
1
1
1
1
1
1
1
1
1
1
1
1
1
1
1
1
1
1
1
1
1
1
1
1
1
1
1
1
1
1
1
1
1
1
1
1
1
1
1
1
1
1
1
1
1
1
1
1
1
1
1
1
1
1
1
1
1
1
1
1
1
1
1
1
1
1
1
1
1
1
1
1
1
1
1
1
1
1
1
1
1
1
1
1
1
1
1
1
1
1
1
1
1
1
1
1
1
1
1
1
1
1
1
1
1
1
1
1
1
1
1
1
1
1
1
1
1
1
1
1
1
1
1
1
1
1
1
1
1
1
1
1
1
1
1
1
1
1
1
1
1
1
1
1
1
1
1
1
1
1
1
1
1
1
1
1
1
1
1
1
1
1
1
1
1
1
1
1
1
1
1
1
1
1
1
1
1
1
1
1
1
1
1
1
1
1
1
1
1
1
1
1
1
1
1
1
1
1
1
1
1
1
1
1
1
1
1
1
1
1
1
1
1
1
1
1
1
1
1
1
1
1
1
1
1
1
1
1
1
1
1
1
1
1
1
1
1
1
1
1
1
1
1
1
1
1
1
1
1
1
1
1
1
1
1
1
1
1
1
1
1
1
1
1
1
1
1
1
1
1
1
1
1
1
1
1
1
1
1
1
1
1
1
1
1
1
1
1
1
1
1
1
1
1
1
1
1
1
1
1
1
1
1
1
1
1
1
1
1
1
1
1
1
1
1
1
1
1
1
1
1
1
1
1
1
1
1
1
1
1
1
1
1
1
1
1
1
1
1
1
1
1
1
1
1
1
1
1
1
1
1
1
1
1
1
1
1
1
1
1
1
1
1
1
1
1
1
1
1
1
1
1
1
1
1
1
1
1
1
1
1
1
1
1
1
1
1
1
1
1
1
1
1
1
1
1
1
1
1
1
1
1
1
1
1
1
1
1
1
1
1
1
1
1
1
1
1
1
1
1
1
1
1
1
1
1
1
1
1
1
1
1
1
1
1
1
1
1
1
1
1
1
1
1
1
1
1
1
1
1
1
1
1
1
1
1
1
1
1
1
1
1
1
1
1
1
1
1
1
1
1
1
1
1
1
1
1
1
1
1
1
1
1
1
1
1
1
1
1
1
1
1
1
1
1
1
1
1
1
1
1
1
1
1
1
1
1
1
1
1
1
1
1
1
1
1
1
1
1
1
1
1
1
1
1
1
1
1
1
1
1
1
1
1
1
1
1
1
1
1
1
1
1
1
1
1
1
1
1
1
1
1
1
1
1
1
1
1
1
1
1
1
1
1
1
1
1
1
1
1
1
1
1
1
1
1
1
1
1
1
1
1
1
1
1
1
1
1
1
1
1
1
1
1
1
1
1
1
1
1
1
1
1
1
1
1
1
1
1
1
1
1
1
1
1
1
1
1
1
1
1
1
1
1
1
1
1
1
1
1
1
1
1
1
1
1
1
1
1
1
1
1
1
1
1
1
1
1
1
1
1
1
1
1
1
1
1
1
1
1
1
1
1
1
1
1
1
1
1
1
1
1
1
1
1
1
1
1
1
1
1
1
1
1
1
1
1
1
1
1
1
1
1
1
1
1
1
1
1
1
1
1
1
1
1
1
1
1
1
1
1
1
1
1
1
1
1
1
1
1
1
1
1
1
1
1
1
1
1
1
1
1
1
1
1
1
1
1
1
1
1
1
1
1
1
1
1
1
1
1
1
1
1
1
1
1
1
1
1
1
1
1
1
1
1
1
1
1
1
1
1
1
1
1
1
1
1
1
1
1
1
1
1
1
1
1
1
1
1
1
1
1
1
1
1
1
1
1
1
1
1
1
1
1
1
1
1
1
1
1
1
1
1
1
1
1
1
1
1
1
1
1
1
1
1
1
1
1
1
1
1
1
1
1
1
1
1
1
1
1
1
1
1
1
1
1
1
1
1
1
1
1
1
1
1
1
1
1
1
1
1
1
1
1
1
1
1
1
1
1
1
1
1
1
1
1
1
1
1
1
1
1
1
1
1
1
1
1
1
1
1
1
1
1
1
1
1
1
1
1
1
1
1
1
1
1
1
1
1
1
1
1
1
1
1
1
1
1
1
1
1
1
1
1
1
1
1
1
1
1
1
1
1
1
1
1
1
1
1
1
1
1
1
1
1
1
1
1
1
1
1
1
1
1
1
1
1
1
1
1
1
1
1
1
1
1
1
1
1
1
1
1
1
1
1
1
1
1
1
1
1
1
1
1
1
1
1
1
1
1
1
1
1
1
1
1
1
1
1
1
1
1
1
1
1
1
1
1
1
1
1
1
1
1
1
1
1
1
1
1
1
1
1
1
1
1
1
1
1
1
1
1
1
1
1
1
1
1
1
1
1
1
1
1
1
1
1
1
1
1
1
1
1
1
1
1
1
1
1
1
1
1
1
1
1
1
1
1
1
1
1
1
1
1
1
1
1
1
1
1
1
1
1
1
1
1
1
1
1
1
1
1
1
1
1
1
1
1
1
1
1
1
1
1
1
1
1
1
1
1
1
1
1
1
1
1
1
1
1
1
1
1
1
1
1
1
1
1
1
1
1
1
1
1
1
1
1
1
1
1
1
1
1
1
1
1
1
1
1
1
1
1
1
1
1
1
1
1
1
1
1
1
1
1
1
1
1
1
1
1
1
1
1
1
1
1
1
1
1
1
1
1
1
1
1
1
1
1
1
1
1
1
1
1
1
1
1
1
1
1
1
1
1
1
1
1
1
1
1
1
1
1
1
1
1
1
1
1
1
1
1
1
1
1
1
1
1
1
1
1
1
1
1
1
1
1
1
1
1
1
1
1
1
1
1
1
1
1
1
1
1
1
1
1
1
1
1
1
1
1
1
1
1
1
1
1
1
1
1
1
1
1
1
1
1
1
1
1
1
1
1
1
1
1
1
1
1
1
1
1
1
1
1
1
1
1
1
1
1
1
1
1
1
1
1
1
1
1
1
1
1
1
1
1
1
1
1
1
1
1
1
1
1
1
1
1
1
1
1
1
1
1
1
1
1
1
1
1
1
1
1
1
1
1
1
1
1
1
1
1
1
1
1
1
1
1
1
1
1
1
1
1
1
1
1
1
1
1
1
1
1
1
1
1
1
1
1
1
1
1
1
1
1
1
1
1
1
1
1
1
1
1
1
1
1
1
1
1
1
1
1
1
1
1
1
1
1
1
1
1
1
1
1
1
1
1
1
1
1
1
1
1
1
1
1
1
1
1
1
1
1
1
1
1
1
1
1
1
1
1
1
1
1
1
1
1
1
1
1
1
1
1
1
1
1
1
1
1
1
1
1
1
1
1
1
1
1
1
1
1
1
1
1
1
1
1
1
1
1
1
1
1
1
1
1
1
1
1
1
1
1
1
1
1
1
1
1
1
1
1
1
1
1
1
1
1
1
1
1
1
1
1
1
1
1
1
1
1
1
1
1
1
1
1
1
1
1
1
1
1
1
1
1
1
1
1
1
1
1
1
1
1
1
1
1
1
1
1
1
1
1
1
1
1
1
1
1
1
1
1
1
1
1
1
1
1
1
1
1
1
1
1
1
1
1
1
1
1
1
1
1
1
1
1
1
1
1
1
1
1
1
1
1
1
1
1
1
1
1
1
1
1
1
1
1
1
1
1
1
1
1
1
1
1
1
1
1
1
1
1
1
1
1
1
1
1
1
1
1
1
1
1
1
1
1
1
1
1
1
1
1
1
1
1
1
1
1
1
1
1
1
1
1
1
1
1
1
1
1
1
1
1
1
1
1
1
1
1
1
1
1
1
1
1
1
1
1
1
1
1
1
1
1
1
1
1
1
1
1
1
1
1
1
1
1
1
1
1
1
1
1
1
1
1
1
1
1
1
1
1
1
1
1
1
1
1
1
1
1
1
1
1
1
1
1
1
1
1
1
1
1
1
1
1
1
1
1
1
1
1
1
1
1
1
1
1
1
1
1
1
1
1
1
1
1
1
1
1
1
1
1
1
1
1
1
1
1
1
1
1
1
1
1
1
1
1
1
1
1
1
1
1
1
1
1
1
1
1
1
1
1
1
1
1
1
1
1
1
1
1
1
1
1
1
1
1
1
1
1
1
1
1
1
1
1
1
1
1
1
1
1
1
1
1
1
1
1
1
1
1
1
1
1
1
1
1
1
1
1
1
1
1
1
1
1
1
1
1
1
1
1
1
1
1
1
1
1
1
1
1
1
1
1
1
1
1
1
1
1
1
1
1
1
1
1
1
1
1
1
1
1
1
1
1
1
1
1
1
1
1
1
1
1
1
1
1
1
1
1
1
1
1
1
1
1
1
1
1
1
1
1
1
1
1
1
1
1
1
1
1
1
1
1
1
1
1
1
1
1
1
1
1
1
1
1
1
1
1
1
1
1
1
1
1
1
1
1
1
1
1
1
1
1
1
1
1
1
1
1
1
1
1
1
1
1
1
1
1
1
1
1
1
1
1
1
1
1
1
1
1
1
1
1
1
1
1
1
1
1
1
1
1
1
1
1
1
1
1
1
1
1
1
1
1
1
1
1
1
1
1
1
1
1
1
1
1
1
1
1
1
1
1
1
1
1
1
1
1
1
1
1
1
1
1
1
1
1
1
1
1
1
1
1
1
1
1
1
1
1
1
1
1
1
1
1
1
1
1
1
1
1
1
1
1
1
1
1
1
1
1
1
1
1
1
1
1
1
1
1
1
1
1
1
1
1
1
1
1
1
1
1
1
1
1
1
1
1
1
1
1
1
1
1
1
1
1
1
1
1
1
1
1
1
1
1
1
1
1
1
1
1
1
1
1
1
1
1
1
1
1
1
1
1
1
1
1
1
1
1
1
1
1
1
1
1
1
1
1
1
1
1
1
1
1
1
1
1
1
1
1
1
1
1
1
1
1
1
1
1
1
1
1
1
1
1
1
1
1
1
1
1
1
1
1
1
1
1
1
1
1
1
1
1
1
1
1
1
1
1
1
1
1
1
1
1
1
1
1
1
1
1
1
1
1
1
1
1
1
1
1
1
1
1
1
1
1
1
1
1
1
1
1
1
1
1
1
1
1
1
1
1
1
1
1
1
1
1
1
1
1
1
1
1
1
1
1
1
1
1
1
1
1
1
1
1
1
1
1
1
1
1
1
1
1
1
1
1
1
1
1
1
1
1
1
1
1
1
1
1
1
1
1
1
1
1
1
1
1
1
1
1
1
1
1
1
1
1
1
1
1
1
1
1
1
1
1
1
1
1
1
1
1
1
1
1
1
1
1
1
1
1
1
1
1
1
1
1
1
1
1
1
1
1
1
1
1
1
1
1
1
1
1
1
1
1
1
1
1
1
1
1
1
1
1
1
1
1
1
1
1
1
1
1
1
1
1
1
1
1
1
1
1
1
1
1
1
1
1
1
1
1
1
1
1
1
1
1
1
1
1
1
1
1
1
1
1
1
1
1
1
1
1
1
1
1
1
1
1
1
1
1
1
1
1
1
1
1
1
1
1
1
1
1
1
1
1
1
1
1
1
1
1
1
1
1
1
1
1
1
1
1
1
1
1
1
1
1
1
1
1
1
1
1
1
1
1
1
1
1
1
1
1
1
1
1
1
1
1
1
1
1
1
1
1
1
1
1
1
1
1
1
1
1
1
1
1
1
1
1
1
1
1
1
1
1
1
1
1
1
1
1
1
1
1
1
1
1
1
1
1
1
1
1
1
1
1
1
1
1
1
1
1
1
1
1
1
1
1
1
1
1
1
1
1
1
1
1
1
1
1
1
1
1
1
1
1
1
1
1
1
1
1
1
1
1
1
1
1
1
1
1
1
1
1
1
1
1
1
1
1
1
1
1
1
1
1
1
1
1
1
1
1
1
1
1
1
1
1
1
1
1
1
1
1
1
1
1
1
1
1
1
1
1
1
1
1
1
1
1
1
1
1
1
1
1
1
1
1
1
1
1
1
1
1
1
1
1
1
1
1
1
1
1
1
1
1
1
1
1
1
1
1
1
1
1
1
1
1
1
1
1
1
1
1
1
1
1
1
1
1
1
1
1
1
1
1
1
1
1
1
1
1
1
1
1
1
1
1
1
1
1
1
1
1
1
1
1
1
1
1
1
1
1
1
1
1
1
1
1
1
1
1
1
1
1
1
1
1
1
1
1
1
1
1
1
1
1
1
1
1
1
1
1
1
1
1
1
1
1
1
1
1
1
1
1
1
1
1
1
1
1
1
1
1
1
1
1
1
1
1
1
1
1
1
1
1
1
1
1
1
1
1
1
1
1
1
1
1
1
1
1
1
1
1
1
1
1
1
1
1
1
1
1
1
1
1
1
1
1
1
1
1
1
1
1
1
1
1
1
1
1
1
1
1
1
1
1
1
1
1
1
1
1
1
1
1
1
1
1
1
1
1
1
1
1
1
1
1
1
1
1
1
1
1
1
1
1
1
1
1
1
1
1
1
1
1
1
1
1
1
1
1
1
1
1
1
1
1
1
1
1
1
1
1
1
1
1
1
1
1
1
1
1
1
1
1
1
1
1
1
1
1
1
1
1
1
1
1
1
1
1
1
1
1
1
1
1
1
1
1
1
1
1
1
1
1
1
1
1
1
1
1
1
1
1
1
1
1
1
1
1
1
1
1
1
1
1
1
1
1
1
1
1
1
1
1
1
1
1
1
1
1
1
1
1
1
1
1
1
1
1
1
1
1
1
1
1
1
1
1
1
1
1
1
1
1
1
1
1
1
1
1
1
1
1
1
1
1
1
1
1
1
1
1
1
1
1
1
1
1
1
1
1
1
1
1
1
1
1
1
1
1
1
1
1
1
1
1
1
1
1
1
1
1
1
1
1
1
1
1
1
1
1
1
1
1
1
1
1
1
1
1
1
1
1
1
1
1
1
1
1
1
1
1
1
1
1
1
1
1
1
1
1
1
1
1
1
1
1
1
1
1
1
1
1
1
1
1
1
1
1
1
1
1
1
1
1
1
1
1
1
1
1
1
1
1
1
1
1
1
1
1
1
1
1
1
1
1
1
1
1
1
1
1
1
1
1
1
1
1
1
1
1
1
1
1
1
1
1
1
1
1
1
1
1
1
1
1
1
1
1
1
1
1
1
1
1
1
1
1
1
1
1
1
1
1
1
1
1
1
1
1
1
1
1
1
1
1
1
1
1
1
1
1
1
1
1
1
1
1
1
1
1
1
1
1
1
1
1
1
1
1
1
1
1
1
1
1
1
1
1
1
1
1
1
1
1
1
1
1
1
1
1
1
1
1
1
1
1
1
1
1
1
1
1
1
1
1
1
1
1
1
1
1
1
1
1
1
1
1
1
1
1
1
1
1
1
1
1
1
1
1
1
1
1
1
1
1
1
1
1
1
1
1
1
1
1
1
1
1
1
1
1
1
1
1
1
1
1
1
1
1
1
1
1
1
1
1
1
1
1
1
1
1
1
1
1
1
1
1
1
1
1
1
1
1
1
1
1
1
1
1
1
1
1
1
1
1
1
1
1
1
1
1
1
1
1
1
1
1
1
1
1
1
1
1
1
1
1
1
1
1
1
1
1
1
1
1
1
1
1
1
1
1
1
1
1
1
1
1
1
1
1
1
1
1
1
1
1
1
1
1
1
1
1
1
1
1
1
1
1
1
1
1
1
1
1
1
1
1
1
1
1
1
1
1
1
1
1
1
1
1
1
1
1
1
1
1
1
1
1
1
1
1
1
1
1
1
1
1
1
1
1
1
1
1
1
1
1
1
1
1
1
1
1
1
1
1
1
1
1
1
1
1
1
1
1
1
1
1
1
1
1
1
1
1
1
1
1
1
1
1
1
1
1
1
1
1
1
1
1
1
1
1
1
1
1
1
1
1
1
1
1
1
1
1
1
1
1
1
1
1
1
1
1
1
1
1
1
1
1
1
1
1
1
1
1
1
1
1
1
1
1
1
1
1
1
1
1
1
1
1
1
1
1
1
1
1
1
1
1
1
1
1
1
1
1
1
1
1
1
1
1
1
1
1
1
1
1
1
1
1
1
1
1
1
1
1
1
1
1
1
1
1
1
1
1
1
1
1
1
1
1
1
1
1
1
1
1
1
1
1
1
1
1
1
1
1
1
1
1
1
1
1
1
1
1
1
1
1
1
1
1
1
1
1
1
1
1
1
1
1
1
1
1
1
1
1
1
1
1
1
1
1
1
1
1
1
1
1
1
1
1
1
1
1
1
1
1
1
1
1
1
1
1
1
1
1
1
1
1
1
1
1
1
1
1
1
1
1
1
1
1
1
1
1
1
1
1
1
1
1
1
1
1
1
1
1
1
1
1
1
1
1
1
1
1
1
1
1
1
1
1
1
1
1
1
1
1
1
1
1
1
1
1
1
1
1
1
1
1
1
1
1
1
1
1
1
1
1
1
1
1
1
1
1
1
1
1
1
1
1
1
1
1
1
1
1
1
1
1
1
1
1
1
1
1
1
1
1
1
1
1
1
1
1
1
1
1
1
1
1
1
1
1
1
1
1
1
1
1
1
1
1
1
1
1
1
1
1
1
1
1
1
1
1
1
1
1
1
1
1
1
1
1
1
1
1
1
1
1
1
1
1
1
1
1
1
1
1
1
1
1
1
1
1
1
1
1
1
1
1
1
1
1
1
1
1
1
1
1
1
1
1
1
1
1
1
1
1
1
1
1
1
1
1
1
1
1
1
1
1
1
1
1
1
1
1
1
1
1
1
1
1
1
1
1
1
1
1
1
1
1
1
1
1
1
1
1
1
1
1
1
1
1
1
1
1
1
1
1
1
1
1
1
1
1
1
1
1
1
1
1
1
1
1
1
1
1
1
1
1
1
1
1
1
1
1
1
1
1
1
1
1
1
1
1
1
1
1
1
1
1
1
1
1
1
1
1
1
1
1
1
1
1
1
1
1
1
1
1
1
1
1
1
1
1
1
1
1
1
1
1
1
1
1
1
1
1
1
1
1
1
1
1
1
1
1
1
1
1
1
1
1
1
1
1
1
1
1
1
1
1
1
1
1
1
1
1
1
1
1
1
1
1
1
1
1
1
1
1
1
1
1
1
1
1
1
1
1
1
1
1
1
1
1
1
1
1
1
1
1
1
1
1
1
1
1
1
1
1
1
1
1
1
1
1
1
1
1
1
1
1
1
1
1
1
1
1
1
1
1
1
1
1
1
1
1
1
1
1
1
1
1
1
1
1
1
1
1
1
1
1
1
1
1
1
1
1
1
1
1
1
1
1
1
1
1
1
1
1
1
1
1
1
1
1
1
1
1
1
1
1
1
1
1
1
1
1
1
1
1
1
1
1
1
1
1
1
1
1
1
1
1
1
1
1
1
1
1
1
1
1
1
1
1
1
1
1
1
1
1
1
1
1
1
1
1
1
1
1
1
1
1
1
1
1
1
1
1
1
1
1
1
1
1
1
1
1
1
1
1
1
1
1
1
1
1
1
1
1
1
1
1
1
1
1
1
1
1
1
1
1
1
1
1
1
1
1
1
1
1
1
1
1
1
1
1
1
1
1
1
1
1
1
1
1
1
1
1
1
1
1
1
1
1
1
1
1
1
1
1
1
1
1
1
1
1
1
1
1
1
1
1
1
1
1
1
1
1
1
1
1
1
1
1
1
1
1
1
1
1
1
1
1
1
1
1
1
1
1
1
1
1
1
1
1
1
1
1
1
1
1
1
1
1
1
1
1
1
1
1
1
1
1
1
1
1
1
1
1
1
1
1
1
1
1
1
1
1
1
1
1
1
1
1
1
1
1
1
1
1
1
1
1
1
1
1
1
1
1
1
1
1
1
1
1
1
1
1
1
1
1
1
1
1
1
1
1
1
1
1
1
1
1
1
1
1
1
1
1
1
1
1
1
1
1
1
1
1
1
1
1
1
1
1
1
1
1
1
1
1
1
1
1
1
1
1
1
1
1
1
1
1
1
1
1
1
1
1
1
1
1
1
1
1
1
1
1
1
1
1
1
1
1
1
1
1
1
1
1
1
1
1
1
1
1
1
1
1
1
1
1
1
1
1
1
1
1
1
1
1
1
1
1
1
1
1
1
1
1
1
1
1
1
1
1
1
1
1
1
1
1
1
1
1
1
1
1
1
1
1
1
1
1
1
1
1
1
1
1
1
1
1
1
1
1
1
1
1
1
1
1
1
1
1
1
1
1
1
1
1
1
1
1
1
1
1
1
1
1
1
1
1
1
1
1
1
1
1
1
1
1
1
1
1
1
1
1
1
1
1
1
1
1
1
1
1
1
1
1
1
1
1
1
1
1
1
1
1
1
1
1
1
1
1
1
1
1
1
1
1
1
1
1
1
1
1
1
1
1
1
1
1
1
1
1
1
1
1
1
1
1
1
1
1
1
1
1
1
1
1
1
1
1
1
1
1
1
1
1
1
1
1
1
1
1
1
1
1
1
1
1
1
1
1
1
1
1
1
1
1
1
1
1
1
1
1
1
1
1
1
1
1
1
1
1
1
1
1
1
1
1
1
1
1
1
1
1
1
1
1
1
1
1
1
1
1
1
1
1
1
1
1
1
1
1
1
1
1
1
1
1
1
1
1
1
1
1
1
1
1
1
1
1
1
1
1
1
1
1
1
1
1
1
1
1
1
1
1
1
1
1
1
1
1
1
1
1
1
1
1
1
1
1
1
1
1
1
1
1
1
1
1
1
1
1
1
1
1
1
1
1
1
1
1
1
1
1
1
1
1
1
1
1
1
1
1
1
1
1
1
1
1
1
1
1
1
1
1
1
1
1
1
1
1
1
1
1
1
1
1
1
1
1
1
1
1
1
1
1
1
1
1
1
1
1
1
1
1
1
1
1
1
1
1
1
1
1
1
1
1
1
1
1
1
1
1
1
1
1
1
1
1
1
1
1
1
1
1
1
1
1
1
1
1
1
1
1
1
1
1
1
1
1
1
1
1
1
1
1
1
1
1
1
1
1
1
1
1
1
1
1
1
1
1
1
1
1
1
1
1
1
1
1
1
1
1
1
1
1
1
1
1
1
1
1
1
1
1
1
1
1
1
1
1
1
1
1
1
1
1
1
1
1
1
1
1
1
1
1
1
1
1
1
1
1
1
1
1
1
1
1
1
1
1
1
1
1
1
1
1
1
1
1
1
1
1
1
1
1
1
1
1
1
1
1
1
1
1
1
1
1
1
1
1
1
1
1
1
1
1
1
1
1
1
1
1
1
1
1
1
1
1
1
1
1
1
1
1
1
1
1
1
1
1
1
1
1
1
1
1
1
1
1
1
1
1
1
1
1
1
1
1
1
1
1
1
1
1
1
1
1
1
1
1
1
1
1
1
1
1
1
1
1
1
1
1
1
1
1
1
1
1
1
1
1
1
1
1
1
1
1
1
1
1
1
1
1
1
1
1
1
1
1
1
1
1
1
1
1
1
1
1
1
1
1
1
1
1
1
1
1
1
1
1
1
1
1
1
1
1
1
1
1
1
1
1
1
1
1
1
1
1
1
1
1
1
1
1
1
1
1
1
1
1
1
1
1
1
1
1
1
1
1
1
1
1
1
1
1
1
1
1
1
1
1
1
1
1
1
1
1
1
1
1
1
1
1
1
1
1
1
1
1
1
1
1
1
1
1
1
1
1
1
1
1
1
1
1
1
1
1
1
1
1
1
1
1
1
1
1
1
1
1
1
1
1
1
1
1
1
1
1
1
1
1
1
1
1
1
1
1
1
1
1
1
1
1
1
1
1
1
1
1
1
1
1
1
1
1
1
1
1
1
1
1
1
1
1
1
1
1
1
1
1
1
1
1
1
1
1
1
1
1
1
1
1
1
1
1
1
1
1
1
1
1
1
1
1
1
1
1
1
1
1
1
1
1
1
1
1
1
1
1
1
1
1
1
1
1
1
1
1
1
1
1
1
1
1
1
1
1
1
1
1
1
1
1
1
1
1
1
1
1
1
1
1
1
1
1
1
1
1
1
1
1
1
1
1
1
1
1
1
1
1
1
1
1
1
1
1
1
1
1
1
1
1
1
1
1
1
1
1
1
1
1
1
1
1
1
1
1
1
1
1
1
1
1
1
1
1
1
1
1
1
1
1
1
1
1
1
1
1
1
1
1
1
1
1
1
1
1
1
1
1
1
1
1
1
1
1
1
1
1
1
1
1
1
1
1
1
1
1
1
1
1
1
1
1
1
1
1
1
1
1
1
1
1
1
1
1
1
1
1
1
1
1
1
1
1
1
1
1
1
1
1
1
1
1
1
1
1
1
1
1
1
1
1
1
1
1
1
1
1
1
1
1
1
1
1
1
1
1
1
1
1
1
1
1
1
1
1
1
1
1
1
1
1
1
1
1
1
1
1
1
1
1
1
1
1
1
1
1
1
1
1
1
1
1
1
1
1
1
1
1
1
1
1
1
1
1
1
1
1
1
1
1
1
1
1
1
1
1
1
1
1
1
1
1
1
1
1
1
1
1
1
1
1
1
1
1
1
1
1
1
1
1
1
1
1
1
1
1
1
1
1
1
1
1
1
1
1
1
1
1
1
1
1
1
1
1
1
1
1
1
1
1
1
1
1
1
1
1
1
1
1
1
1
1
1
1
1
1
1
1
1
1
1
1
1
1
1
1
1
1
1
1
1
1
1
1
1
1
1
1
1
1
1
1
1
1
1
1
1
1
1
1
1
1
1
1
1
1
1
1
1
1
1
1
1
1
1
1
1
1
1
1
1
1
1
1
1
1
1
1
1
1
1
1
1
1
1
1
1
1
1
1
1
1
1
1
1
1
1
1
1
1
1
1
1
1
1
1
1
1
1
1
1
1
1
1
1
1
1
1
1
1
1
1
1
1
1
1
1
1
1
1
1
1
1
1
1
1
1
1
1
1
1
1
1
1
1
1
1
1
1
1
1
1
1
1
1
1
1
1
1
1
1
1
1
1
1
1
1
1
1
1
1
1
1
1
1
1
1
1
1
1
1
1
1
1
1
1
1
1
1
1
1
1
1
1
1
1
1
1
1
1
1
1
1
1
1
1
1
1
1
1
1
1
1
1
1
1
1
1
1
1
1
1
1
1
1
1
1
1
1
1
1
1
1
1
1
1
1
1
1
1
1
1
1
1
1
1
1
1
1
1
1
1
1
1
1
1
1
1
1
1
1
1
1
1
1
1
1
1
1
1
1
1
1
1
1
1
1
1
1
1
1
1
1
1
1
1
1
1
1
1
1
1
1
1
1
1
1
1
1
1
1
1
1
1
1
1
1
1
1
1
1
1
1
1
1
1
1
1
1
1
1
1
1
1
1
1
1
1
1
1
1
1
1
1
1
1
1
1
1
1
1
1
1
1
1
1
1
1
1
1
1
1
1
1
1
1
1
1
1
1
1
1
1
1
1
1
1
1
1
1
1
1
1
1
1
1
1
1
1
1
1
1
1
1
1
1
1
1
1
1
1
1
1
1
1
1
1
1
1
1
1
1
1
1
1
1
1
1
1
1
1
1
1
1
1
1
1
1
1
1
1
1
1
1
1
1
1
1
1
1
1
1
1
1
1
1
1
1
1
1
1
1
1
1
1
1
1
1
1
1
1
1
1
1
1
1
1
1
1
1
1
1
1
1
1
1
1
1
1
1
1
1
1
1
1
1
1
1
1
1
1
1
1
1
1
1
1
1
1
1
1
1
1
1
1
1
1
1
1
1
1
1
1
1
1
1
1
1
1
1
1
1
1
1
1
1
1
1
1
1
1
1
1
1
1
1
1
1
1
1
1
1
1
1
1
1
1
1
1
1
1
1
1
1
1
1
1
1
1
1
1
1
1
1
1
1
1
1
1
1
1
1
1
1
1
1
1
1
1
1
1
1
1
1
1
1
1
1
1
1
1
1
1
1
1
1
1
1
1
1
1
1
1
1
1
1
1
1
1
1
1
1
1
1
1
1
1
1
1
1
1
1
1
1
1
1
1
1
1
1
1
1
1
1
1
1
1
1
1
1
1
1
1
1
1
1
1
1
1
1
1
1
1
1
1
1
1
1
1
1
1
1
1
1
1
1
1
1
1
1
1
1
1
1
1
1
1
1
1
1
1
1
1
1
1
1
1
1
1
1
1
1
1
1
1
1
1
1
1
1
1
1
1
1
1
1
1
1
1
1
1
1
1
1
1
1
1
1
1
1
1
1
1
1
1
1
1
1
1
1
1
1
1
1
1
1
1
1
1
1
1
1
1
1
1
1
1
1
1
1
1
1
1
1
1
1
1
1
1
1
1
1
1
1
1
1
1
1
1
1
1
1
1
1
1
1
1
1
1
1
1
1
1
1
1
1
1
1
1
1
1
1
1
1
1
1
1
1
1
1
1
1
1
1
1
1
1
1
1
1
1
1
1
1
1
1
1
1
1
1
1
1
1
1
1
1
1
1
1
1
1
1
1
1
1
1
1
1
1
1
1
1
1
1
1
1
1
1
1
1
1
1
1
1
1
1
1
1
1
1
1
1
1
1
1
1
1
1
1
1
1
1
1
1
1
1
1
1
1
1
1
1
1
1
1
1
1
1
1
1
1
1
1
1
1
1
1
1
1
1
1
1
1
1
1
1
1
1
1
1
1
1
1
1
1
1
1
1
1
1
1
1
1
1
1
1
1
1
1
1
1
1
1
1
1
1
1
1
1
1
1
1
1
1
1
1
1
1
1
1
1
1
1
1
1
1
1
1
1
1
1
1
1
1
1
1
1
1
1
1
1
1
1
1
1
1
1
1
1
1
1
1
1
1
1
1
1
1
1
1
1
1
1
1
1
1
1
1
1
1
1
1
1
1
1
1
1
1
1
1
1
1
1
1
1
1
1
1
1
1
1
1
1
1
1
1
1
1
1
1
1
1
1
1
1
1
1
1
1
1
1
1
1
1
1
1
1
1
1
1
1
1
1
1
1
1
1
1
1
1
1
1
1
1
1
1
1
1
1
1
1
1
1
1
1
1
1
1
1
1
1
1
1
1
1
1
1
1
1
1
1
1
1
1
1
1
1
1
1
1
1
1
1
1
1
1
1
1
1
1
1
1
1
1
1
1
1
1
1
1
1
1
1
1
1
1
1
1
1
1
1
1
1
1
1
1
1
1
1
1
1
1
1
1
1
1
1
1
1
1
1
1
1
1
1
1
1
1
1
1
1
1
1
1
1
1
1
1
1
1
1
1
1
1
1
1
1
1
1
1
1
1
1
1
1
1
1
1
1
1
1
1
1
1
1
1
1
1
1
1
1
1
1
1
1
1
1
1
1
1
1
1
1
1
1
1
1
1
1
1
1
1
1
1
1
1
1
1
1
1
1
1
1
1
1
1
1
1
1
1
1
1
1
1
1
1
1
1
1
1
1
1
1
1
1
1
1
1
1
1
1
1
1
1
1
1
1
1
1
1
1
1
1
1
1
1
1
1
1
1
1
1
1
1
1
1
1
1
1
1
1
1
1
1
1
1
1
1
1
1
1
1
1
1
1
1
1
1
1
1
1
1
1
1
1
1
1
1
1
1
1
1
1
1
1
1
1
1
1
1
1
1
1
1
1
1
1
1
1
1
1
1
1
1
1
1
1
1
1
1
1
1
1
1
1
1
1
1
1
1
1
1
1
1
1
1
1
1
1
1
1
1
1
1
1
1
1
1
1
1
1
1
1
1
1
1
1
1
1
1
1
1
1
1
1
1
1
1
1
1
1
1
1
1
1
1
1
1
1
1
1
1
1
1
1
1
1
1
1
1
1
1
1
1
1
1
1
1
1
1
1
1
1
1
1
1
1
1
1
1
1
1
1
1
1
1
1
1
1
1
1
1
1
1
1
1
1
1
1
1
1
1
1
1
1
1
1
1
1
1
1
1
1
1
1
1
1
1
1
1
1
1
1
1
1
1
1
1
1
1
1
1
1
1
1
1
1
1
1
1
1
1
1
1
1
1
1
1
1
1
1
1
1
1
1
1
1
1
1
1
1
1
1
1
1
1
1
1
1
1
1
1
1
1
1
1
1
1
1
1
1
1
1
1
1
1
1
1
1
1
1
1
1
1
1
1
1
1
1
1
1
1
1
1
1
1
1
1
1
1
1
1
1
1
1
1
1
1
1
1
1
1
1
1
1
1
1
1
1
1
1
1
1
1
1
1
1
1
1
1
1
1
1
1
1
1
1
1
1
1
1
1
1
1
1
1
1
1
1
1
1
1
1
1
1
1
1
1
1
1
1
1
1
1
1
1
1
1
1
1
1
1
1
1
1
1
1
1
1
1
1
1
1
1
1
1
1
1
1
1
1
1
1
1
1
1
1
1
1
1
1
1
1
1
1
1
1
1
1
1
1
1
1
1
1
1
1
1
1
1
1
1
1
1
1
1
1
1
1
1
1
1
1
1
1
1
1
1
1
1
1
1
1
1
1
1
1
1
1
1
1
1
1
1
1
1
1
1
1
1
1
1
1
1
1
1
1
1
1
1
1
1
1
1
1
1
1
1
1
1
1
1
1
1
1
1
1
1
1
1
1
1
1
1
1
1
1
1
1
1
1
1
1
1
1
1
1
1
1
1
1
1
1
1
1
1
1
1
1
1
1
1
1
1
1
1
1
1
1
1
1
1
1
1
1
1
1
1
1
1
1
1
1
1
1
1
1
1
1
1
1
1
1
1
1
1
1
1
1
1
1
1
1
1
1
1
1
1
1
1
1
1
1
1
1
1
1
1
1
1
1
1
1
1
1
1
1
1
1
1
1
1
1
1
1
1
1
1
1
1
1
1
1
1
1
1
1
1
1
1
1
1
1
1
1
1
1
1
1
1
1
1
1
1
1
1
1
1
1
1
1
1
1
1
1
1
1
1
1
1
1
1
1
1
1
1
1
1
1
1
1
1
1
1
1
1
1
1
1
1
1
1
1
1
1
1
1
1
1
1
1
1
1
1
1
1
1
1
1
1
1
1
1
1
1
1
1
1
1
1
1
1
1
1
1
1
1
1
1
1
1
1
1
1
1
1
1
1
1
1
1
1
1
1
1
1
1
1
1
1
1
1
1
1
1
1
1
1
1
1
1
1
1
1
1
1
1
1
1
1
1
1
1
1
1
1
1
1
1
1
1
1
1
1
1
1
1
1
1
1
1
1
1
1
1
1
1
1
1
1
1
1
1
1
1
1
1
1
1
1
1
1
1
1
1
1
1
1
1
1
1
1
1
1
1
1
1
1
1
1
1
1
1
1
1
1
1
1
1
1
1
1
1
1
1
1
1
1
1
1
1
1
1
1
1
1
1
1
1
1
1
1
1
1
1
1
1
1
1
1
1
1
1
1
1
1
1
1
1
1
1
1
1
1
1
1
1
1
1
1
1
1
1
1
1
1
1
1
1
1
1
1
1
1
1
1
1
1
1
1
1
1
1
1
1
1
1
1
1
1
1
1
1
1
1
1
1
1
1
1
1
1
1
1
1
1
1
1
1
1
1
1
1
1
1
1
1
1
1
1
1
1
1
1
1
1
1
1
1
1
1
1
1
1
1
1
1
1
1
1
1
1
1
1
1
1
1
1
1
1
1
1
1
1
1
1
1
1
1
1
1
1
1
1
1
1
1
1
1
1
1
1
1
1
1
1
1
1
1
1
1
1
1
1
1
1
1
1
1
1
1
1
1
1
1
1
1
1
1
1
1
1
1
1
1
1
1
1
1
1
1
1
1
1
1
1
1
1
1
1
1
1
1
1
1
1
1
1
1
1
1
1
1
1
1
1
1
1
1
1
1
1
1
1
1
1
1
1
1
1
1
1
1
1
1
1
1
1
1
1
1
1
1
1
1
1
1
1
1
1
1
1
1
1
1
1
1
1
1
1
1
1
1
1
1
1
1
1
1
1
1
1
1
1
1
1
1
1
1
1
1
1
1
1
1
1
1
1
1
1
1
1
1
1
1
1
1
1
1
1
1
1
1
1
1
1
1
1
1
1
1
1
1
1
1
1
1
1
1
1
1
1
1
1
1
1
1
1
1
1
1
1
1
1
1
1
1
1
1
1
1
1
1
1
1
1
1
1
1
1
1
1
1
1
1
1
1
1
1
1
1
1
1
1
1
1
1
1
1
1
1
1
1
1
1
1
1
1
1
1
1
1
1
1
1
1
1
1
1
1
1
1
1
1
1
1
1
1
1
1
1
1
1
1
1
1
1
1
0.9968
0.9939
0.9985
0.9957
1.0018
1.0045
1.0016
1.0035
1.0038
1.0041
1.0018
1.0037
1.0012
1.0014
1.0006
0.9965
0.9993
0.9998
0.9996
0.9979
0.9998
0.9991
0.9999
1.0036
0.9997
1.0011
1.0009
1.0014
1.0002
0.9994
0.9998
0.9979
0.9988
0.9984
0.9978
0.9999
0.9963
1.0001
0.9977
0.9964
0.9973
1.0011
0.9973
0.9985
0.9986
0.9963
0.9958
0.9988
0.9964
0.9985
0.9966
0.9958
0.9954
0.9966
0.9954
0.9954
0.9979
0.9963
0.9963
0.9945
0.9973
0.9971
0.9959
0.9956
0.9964
0.9949
0.9949
0.9939
0.9963
0.995
0.9951
0.9946
0.9954
0.9953
0.995
0.9943
0.9938
0.9938
0.9942
0.9921
0.9922
0.9945
0.9945
0.9921
0.9924
0.9931
0.9929
0.9935
0.9928
0.9936
0.9927
0.9931
0.9933
0.9924
0.9916
0.9919
0.9906
0.9912
0.9897
0.9928
0.9911
0.992
0.9918
0.9894
0.9915
0.9891
0.9937
0.9918
0.9906
0.9901
0.9885
0.9925
0.9891
0.9908
0.9888
0.9879
0.9897
0.9892
0.9901
0.9887
0.9909
0.9912
0.9906
0.9874
0.989
0.9902
0.9895
0.9882
0.9882
0.9886
0.9896
0.9892
0.9867
0.9893
0.9888
0.986
0.9895
0.9882
0.9864
0.9868
0.985
0.987
0.9862
0.987
0.9854
0.9849
0.9894
0.9872
0.9894
0.9866
0.9855
0.9876
0.9888
0.9818
0.9854
0.9858
0.9857
0.9856
0.9886
0.9836
0.9839
0.9907
0.9889
0.9861
0.9879
0.9904
0.9891
0.9845
0.9853
0.9827
0.9846
0.9881
0.9839
0.9875
0.9866
0.9844
0.9912
0.9838
0.9869
0.983
0.9849
0.9868
0.9896
0.9775
0.9849
0.9863
0.9804
0.9858
0.9835
0.9886
0.9854
0.9837
0.9865
0.9899
0.9947
0.983
0.9925
0.9866
0.9873
0.9912
0.9804
0.9842
0.9838
0.9856
0.9857
0.9846
0.9918
0.9889
0.9852
0.9868
0.9801
0.9844
0.9852
0.9881
0.9822
0.9823
0.9845
0.9889
0.9828
0.983
0.9888
0.982
0.9875
0.9895
0.981
0.9836
0.9908
0.9819
0.9829
0.9892
0.9874
0.9861
0.9924
0.9777
0.9849
0.9822
0.9861
0.9815
0.9799
0.9913
0.976
0.9801
0.9807
0.9852
0.9853
0.986
0.9898
0.9906
0.986
0.9859
0.9879
0.9911
0.9877
0.988
0.982
0.9868
0.9768
0.9732
0.9846
0.9888
0.9926
0.9879
0.9814
0.9869
0.9851
0.9834
0.9897
0.9856
0.9855
0.9837
0.9767
0.9819
0.9864
0.9914
0.9855
0.9809
0.9827
0.9806
0.9889
0.9777
0.9807
0.9856
0.9905
0.9788
0.9813
0.9819
0.9795
0.9851
0.9789
0.9788
0.9814
0.9859
0.9816
0.9792
0.9794
0.9767
0.9712
0.9805
0.9751
0.9816
0.9783
0.9802
0.9802
0.974
0.9725
0.9786
0.9722
0.9751
0.9732
0.9764
0.9711
0.978
0.9781
0.9706
0.9726
0.9748
0.9761
0.9726
0.9785
0.9736
0.9713
0.965
0.9741
0.9644
0.9632
0.9712
0.9698
0.9592
0.9669
0.9653
0.9612
0.9671
0.9642
0.9653
0.9694
0.9603
0.961
0.9554
0.9636
0.9558
0.9562
0.9577
0.9526
0.9516
0.9568
0.9548
0.9554
0.9531
0.948
0.9508
0.9454
0.9427
0.945
0.9456
0.9483
0.945
0.9445
0.9367
0.9432
0.9418
0.9411
0.9371
0.9358
0.9341
0.9335
0.9323
0.9273
0.9273
0.9269
0.9292
0.929
0.93
0.9273
0.9294
0.9259
0.9213
0.9276
0.9211
0.9212
0.9199
0.9177
0.9163
0.9172
0.9168
0.9115
0.9125
0.9113
0.9098
0.9103
0.9061
0.9074
0.9057
0.9038
0.9042
0.9015
0.9009
0.9002
0.8966
0.9002
0.8947
0.8936
0.8912
0.8912
0.8878
0.8866
0.8871
0.8861
0.8846
0.8825
0.882
0.8781
0.8785
0.8784
0.8749
0.8752
0.872
0.87
0.8681
0.8683
0.8658
0.867
0.867
0.8631
0.8626
0.8594
0.862
0.8588
0.8571
0.8546
0.8539
0.8513
0.8508
0.8475
0.8495
0.8465
0.8454
0.8432
0.8416
0.842
0.8392
0.8398
0.8387
0.8364
0.8352
0.8329
0.8325
0.8316
0.8306
0.8277
0.8259
0.8272
0.8242
0.8236
0.8228
0.8232
0.8196
0.8193
0.8175
0.816
0.8153
0.814
0.8132
0.812
0.8091
0.808
0.8087
0.8076
0.8059
0.8052
0.805
0.8026
0.8016
0.7991
0.7978
0.7972
0.7951
0.7959
0.794
0.7928
0.7911
0.7896
0.7905
0.7897
0.7882
0.7871
0.7855
0.7867
0.7841
0.7804
0.7812
0.7813
0.7787
0.7763
0.7756
0.7742
0.774
0.7751
0.7731
0.7718
0.77
0.7685
0.769
0.7675
0.7656
0.7679
0.7664
0.7672
0.7651
0.7664
0.7626
0.7643
0.7633
0.7592
0.7611
0.7594
0.7548
0.7563
0.7561
0.7558
0.7526
0.752
0.7533
0.7531
0.7547
0.7501
0.7514
0.7534
0.7522
0.7521
0.744
0.7498
0.753
0.7457
0.7458
0.7409
0.7452
0.7483
0.7418
0.7455
0.7429
0.7359
0.7405
0.7417
0.7359
0.7353
0.7373
0.7389
0.7334
0.732
0.7321
0.7334
0.7268
0.7275
0.7207
0.7242
0.7262
0.7257
0.7178
0.7218
0.7327
0.7183
0.7233
0.7197
0.7155
0.7195
0.7119
0.7132
0.7099
0.7066
0.7078
0.7084
0.7057
0.7076
0.7016
0.7095
0.6979
0.7004
0.698
0.7004
0.6968
0.6923
0.6894
0.6913
0.6894
0.6839
0.6863
0.684
0.693
0.6797
0.6823
0.6819
0.6814
0.6785
0.6719
0.6758
0.6758
0.6685
0.6751
0.6685
0.6693
0.6637
0.663
0.6569
0.6582
0.6598
0.6513
0.6487
0.6486
0.654
0.6502
0.6451
0.6421
0.6467
0.6479
0.6363
0.6397
0.6439
0.6374
0.6364
0.6274
0.63
0.6193
0.6231
0.6227
0.6203
0.6209
0.6203
0.6151
0.6132
0.6126
0.6045
0.6101
0.6036
0.605
0.603
0.5908
0.5941
0.5934
0.5962
0.593
0.5892
0.5857
0.5808
0.5857
0.5782
0.5774
0.5801
0.5741
0.568
0.5687
0.564
0.5651
0.5645
0.5585
0.5563
0.5526
0.5603
0.5515
0.5517
0.5459
0.5368
0.5354
0.5328
0.53
0.529
0.532
0.5248
0.5215
0.5156
0.5163
0.5135
0.5144
0.5103
0.5111
0.5068
0.5012
0.5065
0.5006
0.4953
0.4932
0.4937
0.4866
0.4805
0.4843
0.4798
0.4818
0.474
0.4727
0.464
0.4658
0.4631
0.4575
0.4556
0.4579
0.4499
0.4477
0.4447
0.4394
0.4369
0.437
0.4323
0.4245
0.4211
0.4146
0.4089
0.4111
0.4044
0.4031
0.3985
0.3929
0.393
0.3905
0.3865
0.3811
0.3798
0.3733
0.3716
0.3686
0.3647
0.3631
0.3592
0.3562
0.3501
0.3487
0.3443
0.3422
0.3391
0.3349
0.3342
0.3287
0.3256
0.3209
0.3187
0.3134
0.3138
0.3097
0.3065
0.3038
0.3008
0.2989
0.2942
0.2924
0.29
0.2884
0.2855
0.2814
0.2784
0.2772
0.275
0.272
0.2684
0.265
0.2631
0.2611
0.2569
0.2558
0.2533
0.2505
0.248
0.2458
0.2439
0.241
0.2381
0.2361
0.2336
0.2313
0.2289
0.2267
0.2239
0.2217
0.2202
0.2179
0.2157
0.2138
0.2124
0.2094
0.2089
0.2078
0.2046
0.2038
0.2003
0.1989
0.1976
0.1955
0.1934
0.192
0.1907
0.1887
0.1875
0.186
0.1849
0.184
0.182
0.1812
0.18
0.1775
0.176
0.1757
0.1743
0.1727
0.1707
0.1702
0.1687
0.1675
0.1665
0.1656
0.1645
0.1643
0.1625
0.1616
0.1608
0.1603
0.1591
0.1578
0.1571
0.1561
0.1559
0.1543
0.1538
0.1529
0.1518
0.1512
0.1504
0.1498
0.1484
0.148
0.1474
0.1468
0.146
0.1458
0.1454
0.1455
0.1447
0.1438
0.1437
0.1435
0.143
0.1419
0.1413
0.1406
0.1397
0.1404
0.1404
0.1403
0.1394
0.1395
0.1398
0.1402
0.1391
0.1391
0.1397
0.1393
0.1392
0.1383
0.1379
0.1387
0.1377
0.1369
0.1376
0.1365
0.1367
0.1361
0.1379
0.1384
0.1382
0.1389
0.139
0.1383
0.1379
0.1407
0.1418
0.142
0.1432
0.143
0.1432
0.1439
0.1439
0.1445
0.1458
0.1448
0.1452
0.146
0.1458
0.1474
0.1478
0.1471
0.1477
0.1495
0.1494
0.1472
0.1503
0.1494
0.1502
0.15
0.1484
0.1481
0.1488
0.1469
0.1488
0.1475
0.1482
0.1479
0.1469
0.1471
0.1483
0.1455
0.1463
0.1468
0.1455
0.1445
0.1455
0.1441
0.1435
0.1419
0.1414
0.1415
0.1401
0.1394
0.1382
0.1408
0.1382
0.138
0.1373
0.1368
0.1359
0.1351
0.1361
0.1321
0.1325
0.1328
0.132
0.1312
0.1282
0.1298
0.1272
0.1283
0.1262
0.1278
0.1266
0.1247
0.1217
0.1232
0.1226
0.122
0.1215
0.1216
0.1189
0.1199
0.1187
0.1159
0.1187
0.1154
0.1166
0.1133
0.1139
0.1128
0.1123
0.1084
0.1094
0.1079
0.1095
0.1079
0.1087
0.1063
0.1078
0.1072
0.1042
0.105
0.103
0.1022
0.1019
0.0999
0.0985
0.0995
0.0986
0.0965
0.0987
0.0972
0.0968
0.0942
0.0957
0.0952
0.094
0.0947
0.0926
0.0924
0.0913
0.0898
0.0902
0.0894
0.0893
0.0873
0.0857
0.0877
0.0864
0.0864
0.0852
0.0821
0.0863
0.0834
0.0811
0.0818
0.0821
0.0827
0.0803
0.0807
0.0811
0.0796
0.0779
0.0781
0.0764
0.0768
0.0781
0.0758
0.076
0.0748
0.0747
0.0736
0.0727
0.0725
0.0736
0.0718
0.0718
0.0706
0.0706
0.0685
0.0671
0.068
0.0685
0.0656
0.0657
0.0672
0.0658
0.0656
0.0656
0.0665
0.0652
0.0667
0.0646
0.0654
0.064
0.0632
0.0642
0.062
0.0628
0.0618
0.0597
0.0614
0.0603
0.0611
0.0612
0.0607
0.0597
0.0586
0.0595
0.0578
0.0589
0.0569
0.058
0.0561
0.0559
0.0566
0.0554
0.055
0.0554
0.0542
0.0532
0.053
0.0524
0.051
0.0498
0.0503
0.0484
0.0489
0.0477
0.0485
0.0478
0.0476
0.047
0.0474
0.0471
0.0464
0.0461
0.0452
0.0452
0.0455
0.0458
0.0449
0.0448
0.0446
0.0442
0.0442
0.0446
0.0442
0.0446
0.0433
0.0437
0.0431
0.0432
0.0431
0.043
0.0432
0.0431
0.0432
0.0435
0.0431
0.0432
0.0435
0.0442
0.0434
0.0436
0.044
0.0445
0.0446
0.045
0.045
0.0449
0.0448
0.045
0.045
0.045
0.0455
0.0448
0.0448
0.0451
0.0458
0.0452
0.0453
0.0464
0.0458
0.0466
0.0467
0.0472
0.0476
0.0477
0.0479
0.0481
0.0483
0.0485
0.0491
0.0495
0.0498
0.0501
0.0505
0.0507
0.0514
0.0514
0.0523
0.0529
0.0528
0.054
0.0546
0.0549
0.0559
0.0564
0.0574
0.0583
0.0589
0.0593
0.0604
0.0613
0.0618
0.0628
0.0636
0.0645
0.0656
0.0664
0.0675
0.0686
0.0699
0.0712
0.0726
0.0737
0.0755
0.077
0.0787
0.0803
0.0815
0.0831
0.0849
0.0864
0.0882
0.0899
0.0914
0.0939
0.0959
0.0982
0.1007
0.1029
0.1053
0.1076
0.1103
0.1136
0.1161
0.1194
0.1223
0.1254
0.1285
0.1315
0.1361
0.1389
0.1431
0.1473
0.151
0.1548
0.159
0.1643
0.1687
0.1734
0.1787
0.183
0.1886
0.1935
0.1997
0.2053
0.212
0.2177
0.2229
0.2284
0.2344
0.2408
0.2459
0.2513
0.258
0.2624
0.2688
0.2746
0.2818
0.2877
0.2949
0.3011
0.3091
0.3142
0.3216
0.3285
0.3343
0.3433
0.3494
0.3568
0.3643
0.3694
0.3776
0.3844
0.3939
0.3962
0.401
0.4068
0.415
0.4179
0.4221
0.4254
0.4309
0.4337
0.4412
0.4418
0.4481
0.4536
0.4599
0.4632
0.4646
0.4711
0.4769
0.4757
0.4824
0.4843
0.4853
0.491
0.4928
0.4934
0.4977
0.4959
0.5076
0.5083
0.5081
0.5124
0.5111
0.5136
0.5181
0.5135
0.5208
0.5221
0.5173
0.5271
0.5232
0.5231
0.531
0.532
0.5315
0.5321
0.5357
0.5357
0.5334
0.5335
0.5326
0.5309
0.534
0.5337
0.5366
0.5357
0.532
0.5378
0.5395
0.5383
0.5364
0.5389
0.5323
0.5349
0.5348
0.5352
0.5346
0.5361
0.532
0.5369
0.5336
0.5347
0.5313
0.5327
0.5335
0.5349
0.5271
0.5229
0.5267
0.5202
0.5179
0.5212
0.5225
0.5162
0.521
0.5234
0.5197
0.5197
0.5222
0.5114
0.5107
0.5178
0.5119
0.5072
0.5078
0.5045
0.5057
0.5
0.5023
0.4986
0.4967
0.4956
0.4943
0.5001
0.4938
0.4889
0.4905
0.4898
0.4809
0.4788
0.4819
0.4795
0.4828
0.4795
0.4711
0.4715
0.4702
0.4646
0.4653
0.4669
0.4673
0.4675
0.4591
0.462
0.4589
0.4607
0.4579
0.4522
0.4562
0.4488
0.4459
0.4485
0.44
0.4424
0.4435
0.4401
0.4398
0.4372
0.4364
0.4351
0.4329
0.4281
0.4263
0.4261
0.4263
0.4231
0.4193
0.4145
0.4175
0.4172
0.4164
0.4135
0.4127
0.4112
0.4108
0.4056
0.4045
0.4063
0.4036
0.4048
0.4014
0.3986
0.3949
0.3942
0.3947
0.3897
0.3912
0.3877
0.3858
0.3806
0.3823
0.3836
0.3821
0.3771
0.38
0.3712
0.3724
0.3716
0.3652
0.3672
0.3654
0.3629
0.3579
0.3591
0.3545
0.3533
0.3567
0.3539
0.3466
0.346
0.3407
0.3385
0.3378
0.3347
0.3316
0.3287
0.3302
0.3296
0.3256
0.3219
0.3215
0.3203
0.3184
0.3167
0.3162
0.3139
0.3129
0.3131
0.3098
0.307
0.3079
0.3041
0.3026
0.3002
0.2979
0.2989
0.2962
0.2935
0.2915
0.2903
0.2864
0.2868
0.2866
0.2845
0.2841
0.2818
0.2817
0.2803
0.2788
0.2776
0.2763
0.2765
0.2749
0.2736
0.2732
0.2736
0.2692
0.2689
0.2663
0.2646
0.2657
0.2633
0.2616
0.2616
0.2592
0.2575
0.2572
0.2554
0.2559
0.2545
0.2531
0.2506
0.2495
0.2486
0.2477
0.2455
0.2447
0.2442
0.243
0.2416
0.2403
0.2407
0.2389
0.2378
0.2386
0.2355
0.2354
0.2347
0.2337
0.2316
0.2321
0.2299
0.2292
0.229
0.2279
0.2269
0.2265
0.2267
0.2266
0.2253
0.2248
0.2248
0.2233
0.2226
0.2222
0.222
0.2211
0.2215
0.2203
0.2203
0.2197
0.2189
0.2191
0.2186
0.2192
0.2179
0.2181
0.2183
0.2182
0.2181
0.218
0.2174
0.2177
0.2171
0.2179
0.2176
0.2168
0.2174
0.2174
0.2173
0.2173
0.2175
0.2173
0.2173
0.2183
0.2176
0.219
0.2187
0.2193
0.2196
0.2192
0.22
0.22
0.2203
0.2206
0.2206
0.2206
0.2208
0.2227
0.2239
0.2245
0.2245
0.226
0.2265
0.226
0.2276
0.2271
0.2287
0.2288
0.2285
0.2282
0.2282
0.2294
0.2303
0.2302
0.2299
0.2307
0.2322
0.2314
0.2326
0.2341
0.2345
0.2341
0.2358
0.236
0.2356
0.2399
0.2407
0.2409
0.2425
0.2435
0.2441
0.2455
0.2436
0.2442
0.246
0.2463
0.2444
0.2433
0.244
0.248
0.2468
0.2446
0.2472
0.2468
0.2478
0.245
0.2494
0.2498
0.2488
0.2493
0.2477
0.2482
0.2491
0.2457
0.2473
0.2456
0.2451
0.2462
0.2436
0.2421
0.241
0.2383
0.2397
0.239
0.2377
0.2322
0.2337
0.2346
0.2355
0.2298
0.2286
0.2281
0.2272
0.228
0.2236
0.2252
0.2236
0.2209
0.2205
0.2159
0.217
0.212
0.2127
0.2083
0.2066
0.2081
0.2044
0.203
0.2026
0.2022
0.1998
0.199
0.1977
0.1968
0.1924
0.1944
0.192
0.1911
0.189
0.186
0.1854
0.1836
0.1837
0.1841
0.1797
0.1771
0.1773
0.1747
0.1739
0.1716
0.1699
0.1701
0.1683
0.1635
0.1654
0.1627
0.1618
0.1619
0.1612
0.1604
0.1583
0.1559
0.1543
0.1505
0.1501
0.1506
0.1472
0.1445
0.1456
0.1429
0.1402
0.1399
0.1416
0.1383
0.138
0.1349
0.132
0.1352
0.129
0.1326
0.1279
0.1281
0.1261
0.1233
0.1242
0.123
0.1232
0.122
0.1208
0.1187
0.1169
0.1158
0.1151
0.1138
0.1131
0.1114
0.1113
0.1097
0.1069
0.107
0.1063
0.1045
0.1047
0.1033
0.1017
0.1014
0.1013
0.0985
0.0987
0.0986
0.0996
0.096
0.0937
0.0932
0.0938
0.0941
0.092
0.0912
0.0904
0.0889
0.0882
0.0877
0.0846
0.0858
0.0843
0.0837
0.083
0.0843
0.0814
0.0815
0.0812
0.0797
0.0795
0.0799
0.0768
0.077
0.0762
0.0782
0.0765
0.0763
0.0741
0.0745
0.0736
0.0735
0.0733
0.0734
0.0734
0.0698
0.0702
0.0685
0.0683
0.0663
0.0666
0.0664
0.0652
0.0623
0.0633
0.0621
0.0636
0.0613
0.0615
0.0603
0.0598
0.0575
0.0568
0.0564
0.057
0.0558
0.055
0.0547
0.0545
0.0549
0.0536
0.0534
0.052
0.0518
0.0513
0.0499
0.0502
0.0494
0.0486
0.0486
0.0484
0.0481
0.0475
0.0476
0.0461
0.0461
0.046
0.0453
0.0449
0.044
0.0436
0.043
0.0433
0.0425
0.0421
0.042
0.0425
0.042
0.0422
0.0411
0.041
0.041
0.041
0.0402
0.0406
0.0397
0.0395
0.0392
0.0393
0.039
0.0392
0.0389
0.0389
0.0387
0.0385
0.0386
0.0377
0.0378
0.0381
0.0375
0.0373
0.0374
0.0374
0.037
0.0366
0.0366
0.0367
0.0367
0.0364
0.0362
0.0364
0.0365
0.0366
0.0369
0.0365
0.0368
0.037
0.0366
0.037
0.0365
0.0372
0.0368
0.0366
0.0366
0.0368
0.037
0.0369
0.0369
0.0371
0.0379
0.0379
0.0379
0.038
0.0382
0.0386
0.0388
0.0392
0.0393
0.0393
0.0398
0.04
0.0404
0.0408
0.0412
0.0417
0.042
0.0425
0.0431
0.0436
0.044
0.0447
0.0452
0.0457
0.0463
0.0469
0.0476
0.0481
0.0491
0.05
0.0504
0.0515
0.0526
0.0539
0.0547
0.0556
0.057
0.0583
0.0593
0.0609
0.0622
0.0637
0.065
0.0664
0.0684
0.0701
0.0721
0.0739
0.0761
0.0779
0.0797
0.083
0.0854
0.0886
0.0906
0.0933
0.0964
0.0987
0.1023
0.1053
0.1097
0.1123
0.115
0.1184
0.1221
0.1261
0.1296
0.1332
0.1372
0.1407
0.1441
0.1489
0.1532
0.1575
0.1614
0.1659
0.171
0.1757
0.1801
0.187
0.1939
0.1989
0.2061
0.2098
0.216
0.2205
0.2287
0.2345
0.2408
0.2461
0.2514
0.2572
0.2638
0.2679
0.2709
0.2769
0.2826
0.2873
0.2936
0.2959
0.2994
0.3077
0.3099
0.3156
0.3171
0.3268
0.3288
0.3314
0.3356
0.3398
0.3507
0.3498
0.3548
0.3602
0.364
0.3698
0.3709
0.3754
0.3767
0.384
0.3871
0.3912
0.3885
0.3873
0.3961
0.4022
0.3983
0.4048
0.4045
0.411
0.4143
0.4162
0.4236
0.4209
0.4246
0.426
0.4282
0.4288
0.4333
0.433
0.4293
0.4362
0.4391
0.4401
0.4373
0.4389
0.445
0.4465
0.4462
0.4456
0.4487
0.4505
0.4491
0.4515
0.4548
0.4507
0.4509
0.451
0.4519
0.4531
0.4561
0.4539
0.4574
0.4559
0.4575
0.4555
0.4566
0.4547
0.4529
0.4517
0.46
0.4562
0.4608
0.4582
0.4619
0.4589
0.4621
0.4568
0.4566
0.462
0.4546
0.4526
0.4542
0.454
0.4553
0.4563
0.4546
0.4573
0.4506
0.4473
0.4512
0.4502
0.4502
0.4461
0.4512
0.4515
0.4441
0.443
0.4468
0.4465
0.4483
0.445
0.4434
0.4423
0.442
0.4374
0.4353
0.4415
0.4401
0.4345
0.4325
0.4362
0.432
0.4341
0.4332
0.4311
0.4329
0.429
0.4315
0.4295
0.4274
0.4299
0.4301
0.4255
0.4239
0.4223
0.4204
0.4234
0.4184
0.4163
0.4189
0.4156
0.418
0.4172
0.4119
0.4096
0.4096
0.407
0.4081
0.4086
0.4086
0.4116
0.4069
0.4041
0.4017
0.4049
0.4042
0.4031
0.4035
0.4038
0.3956
0.3981
0.3977
0.3981
0.3944
0.3942
0.3898
0.3878
0.3929
0.3904
0.3921
0.3873
0.3875
0.3857
0.3831
0.3878
0.3803
0.3783
0.3842
0.3813
0.3757
0.3782
0.3748
0.3717
0.3751
0.3739
0.3715
0.3635
0.368
0.3613
0.3605
0.3634
0.3589
0.3579
0.357
0.3563
0.3548
0.352
0.3501
0.3513
0.3483
0.3484
0.3475
0.3476
0.3477
0.3468
0.347
0.3418
0.3428
0.3398
0.339
0.3389
0.3367
0.3356
0.3348
0.3325
0.3298
0.3307
0.3296
0.3287
0.3284
0.3298
0.3296
0.3283
0.3275
0.3264
0.3266
0.327
0.3269
0.3268
0.3249
0.3259
0.3263
0.3242
0.3243
0.3238
0.3216
0.3198
0.3213
0.3198
0.3186
0.3186
0.3174
0.3152
0.3152
0.3149
0.3136
0.3141
0.3125
0.3114
0.3116
0.3103
0.3101
0.3089
0.3087
0.3085
0.3078
0.3076
0.3067
0.3069
0.3059
0.3063
0.3059
0.3049
0.3063
0.3048
0.3041
0.3035
0.304
0.3039
0.3032
0.3041
0.3033
0.304
0.3029
0.305
0.3043
0.3041
0.3041
0.3038
0.3036
0.3039
0.3039
0.3049
0.3054
0.3052
0.3045
0.3053
0.3069
0.3068
0.3072
0.307
0.3079
0.3087
0.3081
0.3089
0.3097
0.31
0.3093
0.31
0.3111
0.3109
0.3123
0.3115
0.3128
0.3124
0.3134
0.3148
0.3153
0.3151
0.3159
0.3168
0.3169
0.3179
0.3193
0.3197
0.3196
0.3212
0.3207
0.3224
0.3222
0.3241
0.3235
0.3239
0.3238
0.3247
0.3264
0.3269
0.3272
0.3278
0.3279
0.3287
0.3293
0.3309
0.3307
0.3323
0.333
0.3331
0.3333
0.3322
0.333
0.3328
0.3318
0.3322
0.3318
0.3318
0.3302
0.331
0.3333
0.3329
0.3332
0.3345
0.3338
0.3326
0.3369
0.3355
0.3366
0.3366
0.337
0.3362
0.338
0.3386
0.3384
0.3398
0.3356
0.3357
0.3361
0.337
0.3375
0.3379
0.3373
0.3352
0.3358
0.3375
0.3362
0.3362
0.3392
0.3354
0.3391
0.3345
0.3348
0.3336
0.3327
0.3324
0.328
0.3315
0.3268
0.3255
0.3252
0.3249
0.3245
0.3238
0.3244
0.3193
0.3211
0.3174
0.3167
0.3177
0.3103
0.3093
0.309
0.3078
0.3084
0.3041
0.3063
0.3026
0.2986
0.2963
0.2987
0.2989
0.2951
0.2975
0.289
0.2888
0.2876
0.2835
0.2818
0.2777
0.2792
0.2731
0.2752
0.2747
0.2725
0.2691
0.2699
0.2637
0.2678
0.263
0.2635
0.2624
0.2598
0.2565
0.2559
0.2517
0.2509
0.2519
0.2486
0.2501
0.2461
0.2442
0.2398
0.2415
0.2364
0.2361
0.2376
0.2336
0.2347
0.2309
0.2315
0.2287
0.2253
0.2221
0.2216
0.2198
0.2198
0.2142
0.2152
0.212
0.2104
0.2095
0.2091
0.2107
0.2042
0.2032
0.2015
0.1996
0.2006
0.2016
0.1979
0.1929
0.1941
0.1924
0.1893
0.1876
0.188
0.1885
0.1834
0.1819
0.1832
0.1835
0.1796
0.1775
0.1766
0.174
0.1752
0.1706
0.1733
0.1692
0.1717
0.1701
0.1639
0.1654
0.1652
0.164
0.1619
0.1618
0.1607
0.1604
0.1579
0.1556
0.1547
0.1548
0.1538
0.151
0.1509
0.1476
0.1499
0.1453
0.1456
0.1433
0.1421
0.1412
0.1422
0.1399
0.1376
0.1359
0.1373
0.1374
0.1342
0.1319
0.1334
0.1301
0.1292
0.1293
0.128
0.1284
0.1267
0.1261
0.1258
0.1225
0.1231
0.1208
0.1208
0.1183
0.1178
0.118
0.1141
0.1155
0.1126
0.1116
0.1123
0.1102
0.1088
0.1083
0.1059
0.1043
0.1059
0.1036
0.103
0.1029
0.1014
0.0975
0.0966
0.0959
0.0943
0.0927
0.0917
0.0903
0.0884
0.0882
0.0886
0.0857
0.0856
0.0837
0.0833
0.082
0.0813
0.08
0.0791
0.0788
0.0781
0.0773
0.0762
0.0755
0.0745
0.0746
0.0736
0.0722
0.0728
0.071
0.0706
0.0692
0.0688
0.0684
0.0675
0.0666
0.0661
0.0655
0.064
0.0643
0.0633
0.0631
0.0628
0.0627
0.062
0.0619
0.0611
0.0619
0.0607
0.0608
0.0595
0.0591
0.0586
0.0582
0.057
0.0571
0.0567
0.0561
0.0556
0.0554
0.0552
0.0548
0.0543
0.0548
0.0543
0.0539
0.0532
0.0525
0.0529
0.052
0.052
0.0513
0.0511
0.0515
0.0511
0.0513
0.051
0.0514
0.0506
0.0508
0.0506
0.0508
0.0502
0.0504
0.0505
0.0507
0.0504
0.0507
0.0508
0.0507
0.0509
0.051
0.0513
0.0513
0.0517
0.0512
0.0518
0.0521
0.052
0.0523
0.0527
0.0529
0.0531
0.0533
0.0541
0.0542
0.0545
0.0552
0.0555
0.056
0.0566
0.0574
0.0576
0.0584
0.0593
0.0598
0.0604
0.0615
0.0624
0.0633
0.0639
0.0648
0.066
0.0668
0.0677
0.0686
0.0697
0.0709
0.0721
0.0733
0.0751
0.0764
0.0779
0.0794
0.0813
0.0833
0.0852
0.0868
0.089
0.0908
0.0925
0.0959
0.0979
0.1006
0.1033
0.1054
0.1085
0.1111
0.1142
0.1172
0.1202
0.1233
0.1269
0.1299
0.1322
0.1355
0.1384
0.1416
0.1446
0.1477
0.1506
0.1539
0.1581
0.1615
0.166
0.1688
0.1733
0.1759
0.1808
0.1869
0.1907
0.1961
0.2002
0.2056
0.2099
0.2124
0.2174
0.222
0.2274
0.2298
0.234
0.2379
0.2419
0.2449
0.2499
0.2544
0.258
0.2605
0.266
0.2686
0.2728
0.2755
0.2805
0.2835
0.2843
0.2872
0.2923
0.2948
0.2974
0.2978
0.3044
0.3051
0.3094
0.3093
0.3135
0.3154
0.3181
0.3212
0.3211
0.3232
0.3279
0.3271
0.3297
0.3301
0.3332
0.3375
0.3386
0.3367
0.337
0.3416
0.3431
0.3437
0.3457
0.3441
0.3494
0.3479
0.351
0.3488
0.3539
0.3571
0.3514
0.3555
0.3524
0.3559
0.3524
0.3571
0.3571
0.36
0.3555
0.3564
0.3568
0.3583
0.3544
0.3587
0.3634
0.3577
0.3584
0.3599
0.3566
0.3589
0.3628
0.3604
0.3631
0.3612
0.362
0.3555
0.3626
0.3558
0.3562
0.3557
0.3542
0.3578
0.3585
0.3564
0.3549
0.3551
0.3563
0.3537
0.3531
0.3532
0.3512
0.3498
0.3494
0.3497
0.352
0.3506
0.3474
0.3462
0.3499
0.3491
0.3398
0.3456
0.3413
0.3449
0.341
0.3403
0.3383
0.3371
0.3388
0.338
0.3405
0.3368
0.3348
0.3376
0.3337
0.3346
0.3356
0.332
0.3361
0.3286
0.3249
0.3284
0.3275
0.3266
0.3241
0.3216
0.3239
0.3203
0.3203
0.323
0.3185
0.3166
0.32
0.3127
0.3171
0.3133
0.3144
0.3138
0.3126
0.3107
0.3082
0.3127
0.3108
0.3073
0.3025
0.3043
0.3025
0.2998
0.2999
0.298
0.2991
0.2997
0.2972
0.2957
0.2955
0.3003
0.2955
0.2967
0.2944
0.2964
0.2904
0.2956
0.29
0.2874
0.2863
0.2898
0.2865
0.2872
0.2846
0.2841
0.2863
0.2845
0.2852
0.2797
0.2798
0.2817
0.281
0.2794
0.2753
0.2746
0.2723
0.2744
0.2725
0.2707
0.2708
0.2717
0.2669
0.2689
0.2635
0.262
0.2621
0.2619
0.2588
0.2576
0.2581
0.2592
0.2552
0.2557
0.252
0.2515
0.2516
0.2505
0.25
0.251
0.2502
0.25
0.2475
0.2467
0.2469
0.2467
0.2442
0.2456
0.2429
0.2448
0.2415
0.2385
0.2384
0.2371
0.2365
0.2375
0.2364
0.2383
0.237
0.2359
0.2361
0.2369
0.2372
0.2381
0.2366
0.2368
0.2346
0.2347
0.2359
0.2344
0.2337
0.2322
0.2324
0.2321
0.2325
0.2307
0.2312
0.2317
0.2316
0.231
0.2308
0.2307
0.2304
0.2303
0.2293
0.2288
0.2292
0.2267
0.2277
0.227
0.227
0.2277
0.226
0.2261
0.2265
0.2268
0.2272
0.2273
0.2285
0.2269
0.2275
0.2264
0.2273
0.2254
0.227
0.2262
0.2266
0.2266
0.2265
0.227
0.2274
0.2279
0.2283
0.2288
0.2293
0.2291
0.2289
0.2305
0.2309
0.2306
0.2316
0.232
0.2326
0.2335
0.2345
0.2348
0.2358
0.2358
0.2375
0.2377
0.2382
0.2393
0.2407
0.2405
0.2411
0.2424
0.2436
0.2446
0.2451
0.2467
0.2474
0.2487
0.25
0.251
0.2523
0.2535
0.2546
0.2547
0.2576
0.2594
0.2608
0.2624
0.2644
0.2656
0.2663
0.2701
0.2714
0.2737
0.2754
0.2763
0.2784
0.2801
0.2822
0.2843
0.2869
0.2875
0.2901
0.2919
0.2935
0.2972
0.2983
0.3015
0.3032
0.3042
0.3053
0.3074
0.3111
0.3122
0.3144
0.3168
0.3164
0.3183
0.3194
0.3206
0.3231
0.3225
0.3233
0.3276
0.3274
0.328
0.3297
0.3317
0.3344
0.3345
0.338
0.3379
0.3383
0.3407
0.3407
0.3447
0.3421
0.3401
0.3413
0.3439
0.3412
0.3439
0.3428
0.3429
0.3436
0.3448
0.3443
0.3468
0.347
0.3468
0.3496
0.3462
0.3465
0.346
0.3418
0.3435
0.342
0.3441
0.3423
0.3425
0.3418
0.345
0.3415
0.3434
0.3417
0.3395
0.3434
0.3401
0.3367
0.3378
0.3375
0.335
0.3359
0.3311
0.331
0.3314
0.33
0.3293
0.3281
0.3287
0.3275
0.328
0.3238
0.3232
0.3239
0.3228
0.3232
0.3191
0.3173
0.3185
0.315
0.311
0.3112
0.3099
0.3105
0.3096
0.3087
0.3044
0.3041
0.3004
0.3012
0.2996
0.3008
0.297
0.2956
0.2949
0.2951
0.2973
0.2938
0.2908
0.2901
0.2887
0.2882
0.2864
0.2834
0.2795
0.2784
0.2772
0.2766
0.2764
0.2749
0.2736
0.2704
0.2714
0.2663
0.2677
0.2647
0.2624
0.2611
0.26
0.2583
0.2607
0.257
0.2548
0.2551
0.2542
0.2521
0.2504
0.2507
0.2485
0.2448
0.245
0.2414
0.241
0.2408
0.2404
0.2412
0.2399
0.2381
0.2328
0.2347
0.2335
0.2319
0.2337
0.2295
0.2282
0.2248
0.223
0.2221
0.2217
0.2205
0.2206
0.2175
0.2156
0.2178
0.215
0.2155
0.2125
0.2121
0.2123
0.2115
0.208
0.2094
0.2098
0.2081
0.2055
0.2046
0.2022
0.2034
0.2011
0.1982
0.1993
0.1953
0.1949
0.1908
0.194
0.1918
0.1906
0.1903
0.1904
0.1862
0.1858
0.185
0.186
0.1846
0.1864
0.1828
0.1828
0.1786
0.1807
0.1805
0.1793
0.1752
0.1748
0.1729
0.1736
0.17
0.1715
0.1702
0.1684
0.1681
0.1648
0.1647
0.1651
0.1615
0.1623
0.162
0.1598
0.1583
0.1582
0.156
0.1566
0.1553
0.1504
0.1501
0.147
0.1457
0.1447
0.142
0.1411
0.1411
0.1403
0.1366
0.1361
0.1356
0.1348
0.1325
0.1316
0.1307
0.1309
0.1286
0.1284
0.1269
0.1271
0.1249
0.1244
0.1222
0.1229
0.1216
0.121
0.1212
0.1188
0.1182
0.1165
0.1158
0.115
0.1143
0.1141
0.1127
0.1112
0.1106
0.1101
0.1084
0.1088
0.108
0.1074
0.1069
0.1056
0.1058
0.105
0.1048
0.1044
0.1026
0.1016
0.1014
0.1001
0.0996
0.0988
0.0988
0.0984
0.097
0.0972
0.0961
0.0953
0.0954
0.0951
0.0949
0.0946
0.0928
0.0929
0.0923
0.0919
0.0916
0.0914
0.0909
0.0903
0.0905
0.0901
0.0901
0.0901
0.0897
0.0899
0.0893
0.0889
0.0888
0.0891
0.0885
0.0891
0.0887
0.0885
0.0885
0.0885
0.0893
0.0891
0.0894
0.0891
0.0896
0.0895
0.0898
0.0898
0.0908
0.0902
0.0909
0.0907
0.0912
0.0914
0.0917
0.0922
0.0924
0.093
0.0932
0.094
0.0944
0.0949
0.0952
0.0957
0.0965
0.0968
0.0972
0.0976
0.0984
0.0992
0.0998
0.1004
0.1012
0.1018
0.1023
0.1031
0.1041
0.1047
0.105
0.1066
0.1077
0.1081
0.109
0.1102
0.1113
0.1128
0.1138
0.1148
0.1155
0.1167
0.1181
0.1202
0.1217
0.1238
0.125
0.1266
0.1285
0.1301
0.1322
0.1339
0.136
0.1385
0.1402
0.1419
0.1439
0.1463
0.148
0.1501
0.1529
0.1546
0.157
0.1596
0.1619
0.1652
0.1683
0.1704
0.1752
0.1776
0.179
0.1859
0.1899
0.1943
0.1991
0.2033
0.2075
0.2101
0.2148
0.2174
0.2229
0.2253
0.2273
0.2306
0.2312
0.2376
0.242
0.2444
0.2494
0.2519
0.2574
0.2603
0.2627
0.2676
0.2708
0.274
0.2731
0.2774
0.2819
0.2812
0.2839
0.2872
0.2892
0.2908
0.2926
0.2965
0.2982
0.2988
0.303
0.3041
0.3051
0.3098
0.3109
0.3123
0.313
0.3121
0.3129
0.3163
0.3172
0.3192
0.321
0.3239
0.323
0.324
0.3236
0.3254
0.33
0.3273
0.3342
0.328
0.329
0.3312
0.33
0.3296
0.3325
0.3314
0.3294
0.3307
0.3346
0.3356
0.3351
0.3327
0.3315
0.3338
0.3364
0.3316
0.3347
0.3331
0.3299
0.3332
0.3313
0.3345
0.3333
0.3285
0.3322
0.3313
0.3294
0.3299
0.3302
0.328
0.3252
0.3247
0.3292
0.3259
0.3253
0.3275
0.323
0.3282
0.3247
0.3206
0.3193
0.3243
0.3164
0.314
0.3144
0.317
0.3155
0.3139
0.3154
0.3173
0.3129
0.3134
0.3092
0.3162
0.31
0.3066
0.3074
0.3057
0.3012
0.2991
0.3027
0.301
0.3032
0.2995
0.2976
0.2969
0.2947
0.2906
0.2956
0.2966
0.2966
0.2907
0.287
0.2931
0.2887
0.2903
0.29
0.2858
0.2859
0.2816
0.2829
0.2829
0.28
0.2799
0.278
0.2767
0.2756
0.2767
0.2737
0.2772
0.275
0.2739
0.2722
0.2722
0.2684
0.2695
0.2678
0.2661
0.2622
0.2651
0.2639
0.2632
0.2627
0.2623
0.2595
0.2602
0.257
0.2564
0.2559
0.2564
0.256
0.2527
0.2528
0.2533
0.251
0.2481
0.2467
0.2494
0.2465
0.2443
0.2456
0.2453
0.2455
0.2441
0.2443
0.2376
0.238
0.2392
0.2361
0.2352
0.2373
0.2327
0.2306
0.2302
0.2298
0.2265
0.2286
0.2267
0.2258
0.2227
0.2198
0.2181
0.2187
0.2182
0.2155
0.2122
0.2135
0.2107
0.2128
0.2114
0.2116
0.2107
0.2071
0.2089
0.2077
0.2064
0.2049
0.2037
0.2037
0.2018
0.2001
0.1995
0.1987
0.1982
0.1984
0.1979
0.1963
0.1953
0.1923
0.1923
0.1925
0.1923
0.191
0.1903
0.1894
0.1883
0.1879
0.1875
0.1879
0.1879
0.1869
0.1861
0.1859
0.1863
0.1865
0.1866
0.1851
0.1842
0.1847
0.1831
0.1822
0.1809
0.1814
0.181
0.18
0.1792
0.1795
0.1788
0.1789
0.1786
0.1779
0.1776
0.1774
0.1758
0.1767
0.1761
0.1751
0.1755
0.1754
0.1749
0.1738
0.1737
0.1732
0.1729
0.1735
0.1729
0.1728
0.173
0.173
0.1729
0.1722
0.1718
0.172
0.1726
0.1721
0.1721
0.1713
0.1713
0.1718
0.1722
0.1722
0.1715
0.1715
0.1723
0.172
0.1716
0.1718
0.1725
0.1722
0.1721
0.173
0.1728
0.1735
0.1735
0.1742
0.1742
0.1745
0.1752
0.175
0.176
0.1761
0.1765
0.177
0.1771
0.1781
0.1786
0.1792
0.1802
0.1812
0.1813
0.1826
0.1831
0.1839
0.1846
0.185
0.1859
0.1866
0.188
0.1888
0.1894
0.1902
0.1919
0.1925
0.1942
0.1959
0.196
0.1974
0.1981
0.2011
0.2023
0.2043
0.2059
0.2067
0.2087
0.2097
0.2122
0.2143
0.2161
0.2173
0.2188
0.2195
0.2214
0.2232
0.2244
0.2261
0.2265
0.228
0.2291
0.2304
0.2328
0.2351
0.2356
0.2375
0.241
0.2404
0.2421
0.2462
0.248
0.2509
0.253
0.2539
0.2558
0.2585
0.2591
0.2609
0.2654
0.2643
0.2641
0.2653
0.2681
0.2691
0.2696
0.2709
0.2719
0.2737
0.2746
0.275
0.2784
0.2781
0.2792
0.2818
0.2796
0.2812
0.284
0.2805
0.2822
0.2823
0.2855
0.2851
0.2816
0.2828
0.288
0.2823
0.2854
0.2867
0.2838
0.283
0.2857
0.2853
0.2842
0.2827
0.2818
0.2816
0.2794
0.2811
0.2782
0.2783
0.2777
0.2781
0.2731
0.2781
0.2764
0.2756
0.2764
0.2727
0.2741
0.2706
0.2694
0.2704
0.2676
0.266
0.2656
0.2648
0.2645
0.2633
0.2618
0.262
0.2583
0.2589
0.2578
0.2561
0.257
0.255
0.2519
0.2537
0.2512
0.2502
0.2466
0.2465
0.2462
0.2432
0.2407
0.2408
0.2384
0.2387
0.2346
0.2338
0.2349
0.2341
0.2353
0.2341
0.2305
0.2262
0.2259
0.2268
0.2202
0.2238
0.2191
0.2183
0.2164
0.2146
0.2135
0.2139
0.2144
0.2106
0.2101
0.2057
0.2059
0.204
0.2041
0.201
0.2002
0.1989
0.1991
0.1963
0.1956
0.1986
0.1957
0.1929
0.1918
0.1908
0.1878
0.1856
0.1887
0.1851
0.1846
0.1848
0.1796
0.1792
0.1772
0.1748
0.1728
0.173
0.1726
0.172
0.1714
0.1686
0.1679
0.168
0.1664
0.1632
0.16
0.1598
0.1599
0.1585
0.1574
0.1542
0.1545
0.1576
0.1554
0.1542
0.1504
0.1488
0.1501
0.1481
0.1477
0.1469
0.1454
0.1433
0.1446
0.1427
0.1423
0.1412
0.1413
0.1401
0.1395
0.1371
0.135
0.1373
0.1375
0.1339
0.1327
0.1319
0.1319
0.1305
0.1288
0.129
0.1302
0.1241
0.1265
0.1235
0.1251
0.1228
0.122
0.122
0.1222
0.1214
0.1193
0.1219
0.1178
0.1184
0.1186
0.1164
0.1141
0.1129
0.112
0.1087
0.1104
0.1075
0.1079
0.1058
0.1067
0.1063
0.1047
0.1049
0.1024
0.1025
0.1033
0.1017
0.102
0.1014
0.1014
0.1009
0.0996
0.0977
0.0979
0.0968
0.0961
0.0967
0.0954
0.0959
0.0945
0.0935
0.093
0.092
0.0921
0.0909
0.0905
0.0906
0.0907
0.0901
0.0906
0.09
0.0918
0.0902
0.09
0.0903
0.0909
0.0906
0.0898
0.0903
0.0893
0.0885
0.0878
0.0872
0.0874
0.0864
0.0858
0.0871
0.0865
0.0857
0.0864
0.0862
0.0854
0.0864
0.0859
0.0847
0.0851
0.084
0.0846
0.0839
0.0841
0.0836
0.0834
0.0841
0.0831
0.0831
0.0833
0.0833
0.0836
0.0835
0.0836
0.0839
0.0834
0.0831
0.0837
0.0834
0.0836
0.0834
0.0836
0.0838
0.084
0.0838
0.0847
0.0845
0.0853
0.0855
0.0859
0.0861
0.0862
0.0869
0.0868
0.0873
0.0881
0.0881
0.0889
0.0892
0.0895
0.0899
0.0905
0.0911
0.0918
0.0924
0.0933
0.094
0.0946
0.0949
0.0964
0.0974
0.0975
0.0987
0.0995
0.1003
0.1012
0.1019
0.1031
0.104
0.1048
0.1063
0.1074
0.1087
0.1107
0.1114
0.1121
0.1139
0.115
0.1167
0.1182
0.1198
0.1214
0.1227
0.1242
0.1257
0.1284
0.1298
0.1317
0.1336
0.1354
0.1383
0.1402
0.1428
0.1444
0.1467
0.1494
0.1508
0.1524
0.1552
0.1575
0.1594
0.1615
0.1648
0.1665
0.169
0.1712
0.1747
0.1779
0.1792
0.1827
0.1859
0.188
0.1911
0.1956
0.1985
0.2027
0.2063
0.2096
0.2142
0.2167
0.2224
0.225
0.2305
0.231
0.2361
0.2378
0.2417
0.245
0.2483
0.2542
0.2543
0.2589
0.2643
0.2639
0.2686
0.2751
0.2777
0.2791
0.2827
0.2852
0.2919
0.289
0.2918
0.2937
0.2998
0.3031
0.3044
0.3088
0.311
0.3126
0.3158
0.3182
0.3176
0.3208
0.3201
0.324
0.3249
0.3268
0.3278
0.332
0.3307
0.3327
0.3346
0.334
0.3361
0.3375
0.3369
0.3376
0.3418
0.3396
0.3424
0.3446
0.3412
0.3442
0.3406
0.3441
0.3443
0.3451
0.3408
0.3461
0.3454
0.3449
0.3457
0.3418
0.3422
0.3432
0.3475
0.3428
0.3457
0.3433
0.3432
0.3442
0.3431
0.3417
0.3434
0.34
0.3426
0.3412
0.3391
0.3374
0.3382
0.3374
0.3363
0.3337
0.3325
0.3301
0.3329
0.3288
0.3264
0.3253
0.3257
0.3242
0.3211
0.3265
0.3167
0.3172
0.3174
0.3199
0.313
0.3146
0.3147
0.3132
0.3129
0.3086
0.3063
0.3062
0.3062
0.3026
0.3005
0.3012
0.2966
0.296
0.2962
0.2969
0.2972
0.2935
0.2886
0.2903
0.2914
0.2831
0.2886
0.285
0.2864
0.2846
0.2802
0.2782
0.2753
0.2791
0.2753
0.2721
0.272
0.2703
0.2701
0.265
0.266
0.2682
0.2645
0.2656
0.2651
0.2627
0.2621
0.2589
0.2549
0.2517
0.2537
0.2546
0.253
0.2501
0.2455
0.2483
0.2454
0.2444
0.2423
0.2414
0.2416
0.2405
0.2406
0.2361
0.2355
0.2338
0.2347
0.2301
0.2363
0.2337
0.229
0.2309
0.2303
0.2292
0.2274
0.2238
0.2261
0.222
0.2235
0.219
0.2222
0.2207
0.2205
0.2171
0.2173
0.216
0.2151
0.2125
0.2142
0.2115
0.2091
0.2076
0.2061
0.206
0.206
0.2036
0.1996
0.1968
0.1959
0.1945
0.1933
0.1935
0.1908
0.1882
0.1887
0.1902
0.1866
0.185
0.1827
0.1832
0.1828
0.1813
0.1791
0.1789
0.1788
0.1775
0.1768
0.1743
0.1738
0.1734
0.173
0.1723
0.173
0.1725
0.1708
0.1676
0.1676
